13:51:54.116 -> 401  602  509  505  357  489  475  509  
13:51:54.216 -> 411  588  507  506  355  489  472  509  
13:51:54.317 -> 384  630  507  508  357  489  475  511  
13:51:54.419 -> 403  613  508  508  357  467  475  508  
13:51:54.521 -> 396  624  509  506  357  489  475  510  
13:51:54.622 -> 408  609  507  507  353  489  480  509  
13:51:54.725 -> 405  612  507  507  356  496  475  506  
13:51:54.826 -> 413  606  507  506  356  486  476  509  
13:51:54.930 -> 420  601  507  507  356  489  467  510  
13:51:55.032 -> 416  595  507  507  357  496  476  510  
13:51:55.133 -> 440  578  508  507  356  489  474  512  
13:51:55.235 -> 441  578  508  506  355  489  474  510  
13:51:55.336 -> 466  553  508  506  356  489  475  510  
13:51:55.437 -> 466  550  507  507  355  489  475  510  
13:51:55.538 -> 493  523  507  507  355  489  474  509  
13:51:55.639 -> 499  520  507  507  355  489  478  510  
13:51:55.740 -> 529  490  507  506  354  489  475  509  
13:51:55.841 -> 531  488  507  508  354  489  474  509  
13:51:55.942 -> 560  458  506  508  354  489  475  509  
13:51:56.044 -> 560  458  507  507  354  489  475  509  
13:51:56.144 -> 574  443  509  504  356  489  468  510  
13:51:56.245 -> 583  434  507  505  353  489  475  509  
13:51:56.381 -> 586  431  509  507  353  489  475  498  
13:51:56.482 -> 601  413  508  505  354  489  476  509  
13:51:56.583 -> 596  421  506  507  346  489  463  512  
13:51:56.684 -> 617  400  508  507  353  488  475  510  
13:51:56.785 -> 599  418  507  507  354  490  480  510  
13:51:56.885 -> 620  395  508  506  353  489  462  509  
13:51:56.986 -> 593  425  506  505  353  489  475  509  
13:51:57.087 -> 617  402  506  506  353  490  475  509  
13:51:57.189 -> 581  430  510  505  353  489  474  509  
13:51:57.290 -> 587  399  507  506  353  489  474  508  
13:51:57.390 -> 577  422  509  506  353  489  474  509  
13:51:57.490 -> 554  398  508  508  353  489  475  504  
13:51:57.592 -> 552  428  508  507  353  489  475  509  
13:51:57.695 -> 514  421  508  506  352  489  435  509  
13:51:57.796 -> 521  447  508  505  353  489  475  514  
13:51:57.896 -> 480  446  507  505  353  487  475  509  
13:51:57.998 -> 500  458  508  506  352  489  470  509  
13:51:58.100 -> 446  484  506  506  353  490  475  508  
13:51:58.201 -> 475  481  508  507  353  489  474  509  
13:51:58.301 -> 418  525  507  507  353  489  475  509  
13:51:58.402 -> 454  504  508  506  350  489  472  509  
13:51:58.502 -> 402  563  506  507  353  489  475  508  
13:51:58.604 -> 436  531  506  507  353  487  474  510  
13:51:58.708 -> 396  590  506  506  355  489  477  509  
13:51:58.809 -> 419  567  508  507  354  489  475  510  
13:51:58.909 -> 384  624  508  508  352  489  474  509  
13:51:59.011 -> 404  602  508  505  352  478  475  511  
13:51:59.112 -> 387  635  508  507  352  489  475  508  
13:51:59.214 -> 407  610  509  507  354  489  476  509  
13:51:59.315 -> 398  619  506  507  352  474  475  512  
13:51:59.448 -> 412  607  508  505  357  489  489  509  
13:51:59.517 -> 413  606  505  506  350  489  473  509  
13:51:59.617 -> 417  599  508  507  352  489  476  508  
13:51:59.751 -> 430  586  507  506  351  483  475  509  
13:51:59.853 -> 432  586  506  505  350  489  475  509  
13:51:59.954 -> 454  564  507  508  351  489  474  510  
13:52:00.055 -> 453  567  508  508  351  489  475  509  
13:52:00.157 -> 482  538  506  507  351  489  477  510  
13:52:00.257 -> 482  534  508  507  350  489  473  510  
13:52:00.359 -> 512  505  507  508  350  489  474  510  
13:52:00.460 -> 514  504  509  507  350  485  475  510  
13:52:00.561 -> 546  472  509  505  350  489  475  510  
13:52:00.662 -> 551  465  507  504  349  490  475  509  
13:52:00.763 -> 569  447  507  506  350  489  475  509  
13:52:00.865 -> 575  444  509  506  355  489  483  510  
13:52:00.966 -> 583  434  507  505  349  489  474  510  
13:52:01.069 -> 592  422  507  507  349  490  475  505  
13:52:01.169 -> 595  419  508  505  349  489  482  509  
13:52:01.271 -> 610  407  507  506  349  489  477  511  
13:52:01.372 -> 605  415  507  506  348  522  475  509  
13:52:01.472 -> 615  402  508  507  348  489  475  509  
13:52:01.573 -> 599  415  509  506  348  489  467  509  
13:52:01.677 -> 616  401  509  505  348  489  422  508  
13:52:01.777 -> 592  421  508  509  348  487  475  509  
13:52:01.879 -> 597  406  507  507  351  490  485  509  
13:52:01.980 -> 574  424  507  506  348  489  476  511  
13:52:02.080 -> 571  401  508  509  347  491  475  509  
13:52:02.182 -> 559  426  508  506  347  489  475  509  
13:52:02.282 -> 532  408  508  507  348  489  476  508  
13:52:02.383 -> 529  438  507  506  346  489  475  510  
13:52:02.485 -> 499  437  508  508  346  489  475  509  
13:52:02.586 -> 504  456  508  506  346  489  475  508  
13:52:02.686 -> 466  462  507  506  345  489  475  510  
13:52:02.788 -> 480  475  508  506  345  489  474  509  
13:52:02.889 -> 429  508  508  506  345  490  475  509  
13:52:03.023 -> 457  497  507  506  345  465  496  508  
13:52:03.124 -> 411  542  506  507  344  489  475  510  
13:52:03.226 -> 442  524  509  505  345  490  475  509  
13:52:03.326 -> 400  576  508  509  344  491  475  510  
13:52:03.428 -> 429  554  508  508  344  490  475  509  
13:52:03.529 -> 398  605  509  509  344  490  475  509  
13:52:03.631 -> 406  591  509  508  343  495  475  510  
13:52:03.731 -> 385  631  508  507  343  490  475  509  
13:52:03.832 -> 405  612  507  505  343  489  474  509  
13:52:03.934 -> 394  629  507  505  342  490  469  509  
13:52:04.034 -> 407  608  509  506  342  489  475  509  
13:52:04.137 -> 406  612  507  508  342  464  475  511  
13:52:04.237 -> 414  607  507  507  371  489  465  509  
13:52:04.337 -> 421  597  514  507  344  499  475  510  
13:52:04.440 -> 422  594  506  506  341  489  475  512  
13:52:04.541 -> 442  577  507  507  341  490  473  509  
13:52:04.642 -> 442  579  506  505  341  490  474  509  
13:52:04.743 -> 469  548  508  507  341  490  474  509  
13:52:04.844 -> 468  553  507  505  341  488  475  509  
13:52:04.945 -> 498  520  509  506  341  490  487  509  
13:52:05.046 -> 499  520  506  507  336  489  465  508  
13:52:05.149 -> 530  487  507  507  340  490  475  509  
13:52:05.249 -> 533  486  507  508  340  488  475  510  
13:52:05.351 -> 561  455  508  507  339  489  475  509  
13:52:05.453 -> 562  456  506  507  339  489  474  509  
13:52:05.553 -> 575  444  508  508  339  489  475  510  
13:52:05.656 -> 587  434  507  509  339  489  487  511  
13:52:05.757 -> 588  430  508  507  339  490  479  510  
13:52:05.859 -> 603  415  507  507  338  490  475  508  
13:52:05.961 -> 598  419  507  505  338  485  475  511  
13:52:06.062 -> 615  402  508  506  338  489  475  509  
13:52:06.165 -> 601  414  509  507  338  489  474  509  
13:52:06.265 -> 620  398  508  506  337  489  475  509  
13:52:06.369 -> 593  424  508  507  337  489  475  510  
13:52:06.471 -> 611  402  508  506  337  489  475  509  
13:52:06.572 -> 584  430  508  508  336  489  458  509  
13:52:06.674 -> 585  402  509  507  336  485  475  512  
13:52:06.777 -> 568  422  507  506  336  489  474  509  
13:52:06.879 -> 547  398  508  506  336  490  475  509  
13:52:07.014 -> 548  430  506  506  336  502  475  511  
13:52:07.080 -> 514  426  508  508  335  490  475  509  
13:52:07.183 -> 516  446  507  507  340  490  480  508  
13:52:07.284 -> 480  450  507  507  335  489  472  510  
13:52:07.417 -> 488  468  509  506  334  490  475  509  
13:52:07.520 -> 447  485  507  508  334  489  475  510  
13:52:07.622 -> 463  489  504  506  333  490  478  509  
13:52:07.723 -> 420  528  506  508  334  489  475  509  
13:52:07.824 -> 444  515  509  506  334  488  475  510  
13:52:07.924 -> 405  560  508  506  337  485  487  510  
13:52:08.024 -> 434  543  506  507  333  489  477  509  
13:52:08.123 -> 403  587  511  505  330  490  474  509  
13:52:08.226 -> 417  574  508  506  333  490  475  509  
13:52:08.326 -> 390  619  508  507  333  489  475  510  
13:52:08.427 -> 405  610  506  505  331  489  475  509  
13:52:08.527 -> 387  632  508  507  332  489  475  509  
13:52:08.630 -> 404  611  506  506  332  489  475  509  
13:52:08.732 -> 401  617  507  507  332  489  475  509  
13:52:08.833 -> 412  610  509  507  331  490  475  509  
13:52:08.934 -> 411  605  507  508  318  490  470  509  
13:52:09.035 -> 417  597  506  507  331  488  475  510  
13:52:12.956 -> 431  588  508  507  330  489  473  509  
13:52:12.956 -> 434  585  509  507  327  489  473  509  
13:52:12.956 -> 455  561  508  508  330  490  474  508  
13:52:12.956 -> 454  563  509  507  330  488  475  509  
13:52:12.956 -> 483  537  508  505  338  489  489  510  
13:52:12.956 -> 486  532  508  506  329  489  477  509  
13:52:12.956 -> 513  504  507  507  329  490  475  509  
13:52:12.956 -> 517  502  507  507  329  483  475  509  
13:52:12.956 -> 548  470  507  506  329  489  475  510  
13:52:12.956 -> 551  469  508  507  329  489  475  509  
13:52:12.956 -> 568  448  507  507  328  489  474  509  
13:52:12.956 -> 574  444  508  507  329  489  483  510  
13:52:12.956 -> 581  436  507  506  328  490  475  509  
13:52:12.956 -> 598  422  508  501  328  487  475  509  
13:52:12.956 -> 593  421  507  507  328  490  475  509  
13:52:12.956 -> 606  406  507  506  327  489  475  509  
13:52:12.956 -> 601  419  508  507  327  489  475  510  
13:52:12.956 -> 620  400  508  506  327  489  475  509  
13:52:12.956 -> 595  418  508  508  329  489  479  510  
13:52:12.956 -> 618  398  510  506  328  489  475  510  
13:52:12.956 -> 591  427  507  506  326  490  475  508  
13:52:12.956 -> 598  403  508  506  326  479  475  509  
13:52:12.956 -> 576  426  508  505  326  489  475  509  
13:52:12.956 -> 576  396  506  506  326  490  424  508  
13:52:12.956 -> 562  429  507  505  326  489  475  509  
13:52:12.956 -> 529  406  507  506  326  489  474  509  
13:52:12.956 -> 535  439  508  507  326  489  474  510  
13:52:12.956 -> 496  435  507  505  325  490  475  509  
13:52:12.956 -> 508  455  508  506  325  489  475  510  
13:52:12.956 -> 461  463  509  506  326  489  478  510  
13:52:12.956 -> 482  470  508  507  325  489  475  510  
13:52:12.956 -> 428  510  507  506  325  497  475  509  
13:52:12.956 -> 462  496  508  506  325  489  474  502  
13:52:12.956 -> 411  542  508  507  324  489  475  510  
13:52:12.956 -> 442  524  508  507  325  489  474  510  
13:52:12.956 -> 398  576  507  507  324  491  475  509  
13:52:12.956 -> 429  554  507  506  324  489  476  509  
13:52:12.956 -> 397  608  508  507  316  489  469  509  
13:52:13.018 -> 406  588  508  506  324  489  475  510  
13:52:13.121 -> 385  632  510  507  324  481  474  510  
13:52:13.221 -> 407  612  507  507  324  489  475  509  
13:52:13.323 -> 394  624  508  507  324  490  475  508  
13:52:13.424 -> 408  606  508  504  324  490  475  510  
13:52:13.525 -> 406  613  507  506  323  490  474  509  
13:52:13.627 -> 416  606  507  507  323  489  474  509  
13:52:13.728 -> 419  596  509  506  323  489  475  509  
13:52:13.830 -> 425  593  507  506  323  488  475  511  
13:52:13.932 -> 445  576  507  505  327  489  472  509  
13:52:14.066 -> 443  575  508  506  323  489  474  509  
13:52:14.167 -> 469  551  507  506  323  489  475  509  
13:52:14.269 -> 471  548  508  506  323  489  474  510  
13:52:14.372 -> 497  522  507  507  323  489  475  508  
13:52:14.473 -> 502  515  508  507  323  493  474  509  
13:52:14.573 -> 533  490  508  505  323  483  475  509  
13:52:14.673 -> 538  483  508  507  323  489  475  508  
13:52:14.774 -> 561  457  507  506  323  489  473  509  
13:52:14.874 -> 566  453  507  507  323  489  475  509  
13:52:14.975 -> 575  441  507  507  324  489  485  509  
13:52:15.077 -> 585  430  508  507  324  489  476  509  
13:52:15.179 -> 591  424  507  508  323  489  475  510  
13:52:15.281 -> 606  413  507  507  323  498  475  508  
13:52:15.382 -> 597  418  508  508  323  489  475  509  
13:52:15.485 -> 614  401  509  505  322  489  475  509  
13:52:15.586 -> 604  412  508  507  309  493  469  511  
13:52:15.688 -> 617  401  507  506  323  489  475  510  
13:52:15.789 -> 594  419  509  505  323  489  474  509  
13:52:15.893 -> 608  407  507  505  323  490  475  509  
13:52:15.995 -> 586  427  508  506  323  492  475  509  
13:52:16.095 -> 580  402  508  506  323  488  475  509  
13:52:16.195 -> 566  416  508  506  323  489  475  509  
13:52:16.297 -> 549  405  506  507  323  489  475  509  
13:52:16.399 -> 543  431  506  506  323  489  474  509  
13:52:16.501 -> 513  424  509  507  329  489  479  510  
13:52:16.602 -> 513  447  506  507  323  489  475  509  
13:52:16.704 -> 478  454  507  506  323  489  475  510  
13:52:16.805 -> 489  465  506  507  323  489  474  510  
13:52:16.908 -> 445  487  507  507  323  489  474  509  
13:52:17.010 -> 470  486  508  508  323  489  466  508  
13:52:17.111 -> 417  531  506  506  323  489  474  509  
13:52:17.214 -> 450  511  506  506  323  489  474  510  
13:52:17.316 -> 404  563  507  506  325  489  481  510  
13:52:17.417 -> 433  542  507  505  323  489  475  509  
13:52:17.520 -> 399  593  507  506  323  486  475  509  
13:52:17.620 -> 416  574  509  507  326  489  486  508  
13:52:17.723 -> 391  627  507  507  323  489  476  510  
13:52:17.823 -> 406  605  508  506  323  489  474  508  
13:52:17.924 -> 381  632  508  507  323  490  475  509  
13:52:18.028 -> 408  611  507  505  323  477  475  510  
13:52:18.130 -> 401  620  509  507  323  489  511  510  
13:52:18.231 -> 409  607  509  508  323  499  475  510  
13:52:18.332 -> 415  600  507  508  323  491  475  509  
13:52:18.433 -> 419  600  509  507  323  489  474  509  
13:52:18.533 -> 434  585  507  506  322  489  473  509  
13:52:18.636 -> 432  586  506  508  322  493  475  510  
13:52:18.770 -> 458  560  511  507  323  489  475  509  
13:52:18.872 -> 454  565  507  507  322  489  475  510  
13:52:18.975 -> 483  534  506  505  322  493  474  510  
13:52:19.043 -> 486  534  504  505  322  490  475  510  
13:52:19.177 -> 517  502  509  508  329  489  486  510  
13:52:19.278 -> 518  499  508  507  318  489  463  509  
13:52:19.380 -> 550  468  507  506  322  489  475  510  
13:52:19.482 -> 551  466  507  506  322  489  475  509  
13:52:19.583 -> 569  448  507  507  322  489  475  509  
13:52:19.683 -> 576  443  507  505  322  491  475  508  
13:52:19.785 -> 582  435  507  506  322  484  474  510  
13:52:19.887 -> 596  419  507  506  321  489  471  509  
13:52:19.986 -> 597  423  509  507  321  489  475  508  
13:52:20.087 -> 613  406  508  507  321  489  475  509  
13:52:20.188 -> 599  417  506  508  323  489  480  509  
13:52:20.289 -> 618  399  507  508  324  489  471  509  
13:52:20.391 -> 600  419  506  506  321  489  475  508  
13:52:20.492 -> 615  399  509  508  321  489  475  510  
13:52:20.594 -> 588  424  509  507  321  489  505  510  
13:52:20.695 -> 590  403  509  505  322  489  477  510  
13:52:20.795 -> 573  424  508  506  323  489  476  509  
13:52:20.897 -> 566  397  506  506  321  489  475  509  
13:52:20.998 -> 557  425  509  507  321  489  474  508  
13:52:21.099 -> 529  411  507  507  320  486  474  509  
13:52:21.200 -> 528  439  508  507  321  489  474  508  
13:52:21.300 -> 496  437  504  505  322  489  476  510  
13:52:21.402 -> 496  458  506  507  320  489  475  509  
13:52:21.504 -> 464  469  507  508  320  489  474  510  
13:52:21.605 -> 475  478  508  506  318  489  473  509  
13:52:21.706 -> 430  511  508  504  320  489  474  507  
13:52:21.808 -> 452  501  507  506  320  489  475  509  
13:52:21.909 -> 410  543  507  507  320  497  461  510  
13:52:22.010 -> 437  531  506  506  320  485  474  512  
13:52:22.112 -> 405  574  507  506  320  489  475  510  
13:52:22.212 -> 426  561  508  505  320  489  464  509  
13:52:22.313 -> 395  603  507  508  320  491  475  508  
13:52:22.416 -> 404  596  508  510  320  475  475  510  
13:52:22.518 -> 391  630  509  507  320  489  475  509  
13:52:22.619 -> 401  614  508  506  319  489  475  511  
13:52:22.722 -> 399  623  507  506  319  489  477  510  
13:52:22.855 -> 410  609  508  505  319  489  474  510  
13:52:22.956 -> 403  611  508  506  319  489  475  509  
13:52:23.057 -> 415  603  508  507  319  488  474  495  
13:52:23.158 -> 425  598  508  505  318  489  473  509  
13:52:23.259 -> 426  591  508  508  319  490  475  509  
13:52:23.359 -> 443  574  508  505  319  487  474  509  
13:52:23.462 -> 445  576  508  506  319  489  475  509  
13:52:23.563 -> 470  548  507  508  318  489  475  510  
13:52:23.664 -> 471  548  507  506  318  490  475  509  
13:52:23.766 -> 499  518  508  507  319  489  482  508  
13:52:23.869 -> 501  516  506  506  318  489  474  510  
13:52:23.971 -> 533  485  507  507  318  492  475  510  
13:52:24.072 -> 536  482  507  508  318  485  475  509  
13:52:24.174 -> 563  455  509  506  318  489  475  509  
13:52:24.276 -> 565  453  507  506  317  489  474  509  
13:52:24.379 -> 575  442  508  507  317  490  474  509  
13:52:24.481 -> 585  433  509  508  317  489  492  510  
13:52:24.583 -> 589  429  508  505  319  489  469  509  
13:52:24.684 -> 606  416  507  507  317  488  475  509  
13:52:24.783 -> 595  420  506  506  317  489  475  504  
13:52:24.884 -> 615  401  508  507  317  489  476  509  
13:52:24.985 -> 599  419  506  507  316  489  475  509  
13:52:25.087 -> 622  397  509  508  316  489  475  510  
13:52:25.188 -> 592  422  508  506  317  489  479  508  
13:52:25.289 -> 612  401  508  508  316  489  474  509  
13:52:25.390 -> 585  433  508  500  316  484  475  512  
13:52:25.490 -> 583  398  509  506  316  489  479  510  
13:52:25.591 -> 570  422  506  507  316  489  475  509  
13:52:25.693 -> 548  403  507  507  316  489  475  509  
13:52:25.794 -> 545  430  508  504  316  489  474  510  
13:52:25.893 -> 509  425  503  506  317  489  477  509  
13:52:25.995 -> 519  449  507  507  315  489  475  510  
13:52:26.096 -> 474  450  507  506  315  489  474  510  
13:52:26.231 -> 490  463  508  507  313  489  473  509  
13:52:26.331 -> 442  490  507  504  315  487  475  510  
13:52:26.431 -> 467  485  509  506  315  489  476  509  
13:52:26.533 -> 417  530  508  508  315  489  475  509  
13:52:26.635 -> 448  511  507  508  315  489  474  509  
13:52:26.736 -> 401  563  507  504  315  487  475  508  
13:52:26.838 -> 434  542  509  506  314  489  476  509  
13:52:26.940 -> 398  595  508  505  314  489  474  510  
13:52:27.042 -> 416  575  508  505  314  480  475  511  
13:52:27.142 -> 389  625  507  506  315  489  482  509  
13:52:27.242 -> 405  607  507  506  314  489  474  510  
13:52:27.344 -> 383  631  506  507  314  490  475  510  
13:52:27.445 -> 408  610  508  507  314  486  475  506  
13:52:27.547 -> 403  618  508  509  313  489  475  510  
13:52:27.646 -> 410  603  506  507  314  501  475  509  
13:52:27.748 -> 411  604  507  507  313  490  475  510  
13:52:27.849 -> 421  599  508  505  313  489  475  509  
13:52:27.951 -> 432  586  507  507  313  489  473  509  
13:52:28.054 -> 433  583  509  503  313  483  475  509  
13:52:28.155 -> 458  562  508  506  313  474  487  509  
13:52:28.255 -> 457  563  506  507  313  489  475  509  
13:52:28.356 -> 484  536  507  504  312  489  474  509  
13:52:28.459 -> 488  530  509  506  312  486  475  510  
13:52:28.560 -> 519  502  506  507  312  489  473  509  
13:52:28.660 -> 520  496  505  507  312  489  474  510  
13:52:28.762 -> 550  469  507  505  312  488  475  510  
13:52:28.863 -> 553  465  508  507  312  489  474  509  
13:52:28.964 -> 571  445  506  506  311  490  474  508  
13:52:29.065 -> 576  438  507  506  311  489  474  511  
13:52:29.166 -> 585  430  506  505  311  489  476  509  
13:52:29.269 -> 598  420  508  507  281  489  472  510  
13:52:29.371 -> 596  420  508  506  311  484  475  509  
13:52:29.472 -> 609  406  508  506  311  489  474  510  
13:52:29.572 -> 605  413  506  506  311  489  475  511  
13:52:29.674 -> 618  400  508  506  311  489  475  507  
13:52:29.775 -> 601  416  508  506  311  489  474  509  
13:52:29.877 -> 614  402  508  507  310  489  474  509  
13:52:30.010 -> 593  424  509  507  310  492  475  509  
13:52:30.112 -> 598  403  507  506  310  489  475  508  
13:52:30.214 -> 572  421  508  507  310  488  475  509  
13:52:30.315 -> 566  398  506  506  309  489  476  509  
13:52:30.416 -> 555  426  507  507  309  489  475  510  
13:52:30.517 -> 527  410  506  506  309  488  486  509  
13:52:30.620 -> 527  440  507  508  309  489  475  509  
13:52:30.720 -> 494  441  508  508  309  488  475  508  
13:52:30.820 -> 501  457  508  508  309  489  475  498  
13:52:30.921 -> 460  469  509  507  309  489  472  509  
13:52:31.022 -> 477  476  508  507  308  489  475  509  
13:52:31.125 -> 424  512  508  509  309  488  474  508  
13:52:31.227 -> 460  497  506  507  308  489  475  509  
13:52:31.329 -> 410  547  509  507  308  489  474  509  
13:52:31.433 -> 443  520  507  508  308  487  475  509  
13:52:31.534 -> 399  580  506  507  307  489  476  509  
13:52:31.633 -> 425  556  507  506  308  489  474  509  
13:52:31.734 -> 388  612  507  507  308  495  475  508  
13:52:31.836 -> 405  592  508  509  307  486  475  510  
13:52:31.937 -> 389  635  508  505  307  488  474  509  
13:52:32.037 -> 401  613  508  506  307  489  475  509  
13:52:32.139 -> 392  624  507  505  307  489  475  509  
13:52:32.239 -> 412  608  508  508  308  488  477  508  
13:52:32.341 -> 408  613  507  507  307  489  471  509  
13:52:32.441 -> 412  604  506  507  307  489  475  509  
13:52:32.542 -> 424  596  508  508  306  459  474  508  
13:52:32.646 -> 425  595  508  507  306  488  468  509  
13:52:32.748 -> 447  571  507  506  306  489  474  509  
13:52:32.850 -> 443  575  508  506  306  488  475  509  
13:52:32.952 -> 473  548  507  507  306  488  493  510  
13:52:33.053 -> 470  545  507  506  306  489  474  510  
13:52:33.156 -> 500  516  507  507  306  491  475  509  
13:52:33.258 -> 504  515  510  506  305  488  479  509  
13:52:33.360 -> 533  484  508  505  305  489  475  509  
13:52:33.465 -> 536  481  506  507  305  489  475  510  
13:52:33.567 -> 562  454  507  506  305  489  474  510  
13:52:33.668 -> 565  453  507  507  305  489  475  509  
13:52:33.769 -> 578  438  507  506  305  489  473  510  
13:52:33.869 -> 588  430  506  505  304  489  474  510  
13:52:33.972 -> 587  425  508  507  305  489  489  509  
13:52:34.072 -> 604  411  508  505  304  489  473  510  
13:52:34.173 -> 600  415  507  506  304  490  475  509  
13:52:34.308 -> 616  403  506  508  304  489  475  509  
13:52:34.410 -> 601  413  508  506  304  489  475  509  
13:52:34.510 -> 618  401  507  505  304  489  474  509  
13:52:34.612 -> 597  422  506  498  304  482  475  509  
13:52:34.713 -> 606  408  506  508  306  489  483  509  
13:52:34.816 -> 582  425  506  506  303  489  475  510  
13:52:34.918 -> 581  401  508  507  303  500  475  509  
13:52:35.019 -> 566  420  508  509  303  488  475  510  
13:52:35.119 -> 543  402  507  508  303  488  475  510  
13:52:35.220 -> 541  431  517  507  304  489  474  509  
13:52:35.319 -> 509  430  506  507  302  479  475  510  
13:52:35.420 -> 512  447  508  509  303  489  479  508  
13:52:35.522 -> 478  454  507  506  302  488  475  508  
13:52:35.623 -> 484  471  506  507  302  488  474  504  
13:52:35.723 -> 447  491  506  507  302  488  475  509  
13:52:35.825 -> 462  494  507  508  304  489  474  510  
13:52:35.926 -> 420  529  506  507  302  490  456  510  
13:52:36.028 -> 442  518  508  507  302  489  474  510  
13:52:36.129 -> 411  559  508  505  302  489  475  509  
13:52:36.231 -> 429  549  508  507  296  489  473  509  
13:52:36.331 -> 402  584  509  505  301  487  475  509  
13:52:36.432 -> 416  581  507  507  302  489  475  509  
13:52:36.532 -> 390  622  508  506  301  489  473  509  
13:52:36.634 -> 402  610  507  506  301  489  474  510  
13:52:36.736 -> 391  630  506  508  304  489  489  510  
13:52:36.836 -> 410  611  509  505  301  489  475  510  
13:52:36.937 -> 402  614  508  506  301  489  475  509  
13:52:37.041 -> 414  605  508  506  301  489  475  509  
13:52:37.141 -> 415  605  507  506  309  488  472  509  
13:52:37.241 -> 415  597  506  507  302  501  475  510  
13:52:37.342 -> 434  584  506  506  300  490  475  509  
13:52:37.445 -> 436  585  509  507  300  488  474  509  
13:52:37.545 -> 459  559  508  506  300  489  474  510  
13:52:37.679 -> 455  561  506  506  300  488  474  509  
13:52:37.781 -> 487  528  507  505  301  485  485  509  
13:52:37.881 -> 486  531  507  506  300  488  475  509  
13:52:37.983 -> 518  498  507  508  300  496  474  510  
13:52:38.083 -> 522  496  508  509  300  482  474  509  
13:52:38.184 -> 551  466  507  506  300  488  473  509  
13:52:38.284 -> 552  466  509  508  300  488  474  510  
13:52:38.385 -> 569  448  506  507  300  488  475  510  
13:52:38.485 -> 576  442  507  506  300  488  486  509  
13:52:38.587 -> 583  434  507  508  300  488  470  509  
13:52:38.689 -> 598  420  506  507  300  487  474  509  
13:52:38.789 -> 593  423  506  506  299  488  474  509  
13:52:38.890 -> 610  404  507  507  300  488  473  509  
13:52:38.991 -> 599  419  509  506  300  489  475  509  
13:52:39.091 -> 619  400  507  506  299  490  475  510  
13:52:39.193 -> 595  420  507  507  299  488  476  509  
13:52:39.295 -> 616  401  508  508  300  488  439  509  
13:52:39.397 -> 592  429  507  506  299  493  475  509  
13:52:39.498 -> 593  401  507  505  300  489  474  510  
13:52:39.599 -> 575  425  505  507  300  489  457  508  
13:52:39.701 -> 565  396  506  506  300  489  475  510  
13:52:39.803 -> 558  426  508  505  300  489  475  509  
13:52:39.905 -> 526  411  509  508  299  489  475  509  
13:52:40.006 -> 528  443  509  506  299  489  474  509  
13:52:40.107 -> 492  439  506  506  300  489  474  509  
13:52:40.209 -> 503  456  508  506  300  489  474  509  
13:52:40.310 -> 461  471  507  505  300  488  474  510  
13:52:40.413 -> 475  479  508  504  299  489  474  509  
13:52:40.516 -> 428  510  506  506  298  488  475  510  
13:52:40.618 -> 456  501  508  506  296  489  471  509  
13:52:40.720 -> 408  546  508  507  300  488  474  508  
13:52:40.824 -> 441  530  509  505  300  488  475  509  
13:52:40.926 -> 404  578  506  505  300  489  521  509  
13:52:41.029 -> 423  561  509  507  300  498  474  509  
13:52:41.130 -> 393  607  508  505  299  489  474  508  
13:52:41.232 -> 406  597  508  506  299  488  475  509  
13:52:41.333 -> 387  631  508  506  289  489  468  509  
13:52:41.434 -> 400  615  507  507  300  489  475  509  
13:52:41.535 -> 397  624  507  506  300  488  475  509  
13:52:41.637 -> 412  607  506  507  300  489  474  510  
13:52:41.769 -> 405  608  505  506  300  490  474  509  
13:52:41.870 -> 416  604  507  506  300  490  475  510  
13:52:41.971 -> 422  597  509  507  298  489  471  509  
13:52:42.073 -> 426  590  507  506  300  489  475  509  
13:52:42.174 -> 444  574  506  506  300  488  474  510  
13:52:42.275 -> 448  570  507  506  300  489  474  509  
13:52:42.376 -> 471  546  508  505  300  489  474  509  
13:52:42.476 -> 474  543  506  507  300  489  474  509  
13:52:42.578 -> 501  517  506  506  300  489  475  509  
13:52:42.680 -> 507  512  506  504  300  489  474  509  
13:52:42.780 -> 535  482  508  507  300  491  474  509  
13:52:42.879 -> 541  478  507  507  300  486  474  508  
13:52:42.981 -> 563  454  508  508  300  489  474  509  
13:52:43.083 -> 567  451  507  506  301  489  474  510  
13:52:43.185 -> 581  439  507  505  300  489  474  510  
13:52:43.285 -> 588  430  509  506  301  489  475  509  
13:52:43.386 -> 592  426  508  509  300  489  468  509  
13:52:43.486 -> 605  413  507  514  301  482  474  509  
13:52:43.587 -> 601  416  506  506  301  489  474  509  
13:52:43.691 -> 616  401  506  506  300  489  474  510  
13:52:43.793 -> 600  415  507  506  301  490  475  509  
13:52:43.893 -> 620  401  507  506  301  481  474  509  
13:52:43.993 -> 591  419  508  507  301  489  474  510  
13:52:44.094 -> 606  406  508  506  301  489  474  509  
13:52:44.196 -> 583  429  506  507  301  489  474  509  
13:52:44.299 -> 579  398  509  504  301  489  474  510  
13:52:44.400 -> 563  417  507  508  301  489  474  509  
13:52:44.502 -> 543  404  507  506  301  489  475  509  
13:52:44.604 -> 538  436  506  505  301  489  475  509  
13:52:44.707 -> 506  425  507  507  306  489  477  510  
13:52:44.810 -> 513  450  508  507  295  489  469  508  
13:52:44.912 -> 473  455  508  507  301  489  474  509  
13:52:45.012 -> 487  467  509  507  301  488  474  502  
13:52:45.113 -> 443  490  508  506  301  489  474  511  
13:52:45.214 -> 466  488  508  506  302  489  474  510  
13:52:45.315 -> 415  531  508  506  302  488  474  510  
13:52:45.416 -> 450  512  507  505  302  489  475  510  
13:52:45.552 -> 400  567  508  505  302  489  474  510  
13:52:45.652 -> 431  544  506  506  302  517  474  509  
13:52:45.753 -> 398  599  510  507  305  489  487  509  
13:52:45.855 -> 416  574  508  504  301  489  474  508  
13:52:45.957 -> 381  629  508  506  302  497  474  509  
13:52:46.057 -> 404  606  508  507  302  489  475  506  
13:52:46.157 -> 388  634  509  507  302  489  474  510  
13:52:46.259 -> 408  609  508  507  302  489  475  509  
13:52:46.360 -> 403  614  506  507  302  490  474  509  
13:52:46.460 -> 412  606  506  506  302  489  475  509  
13:52:46.562 -> 414  601  508  505  302  489  479  509  
13:52:46.664 -> 417  597  505  507  302  489  474  511  
13:52:46.766 -> 437  585  506  508  302  473  488  509  
13:52:46.868 -> 434  584  508  507  303  489  470  510  
13:52:46.970 -> 460  558  509  507  303  489  474  509  
13:52:47.070 -> 459  563  506  505  303  490  474  509  
13:52:47.170 -> 488  533  507  506  303  489  474  509  
13:52:47.272 -> 487  530  507  506  303  489  473  509  
13:52:47.375 -> 519  499  507  507  303  490  475  509  
13:52:47.475 -> 524  494  507  506  304  489  482  509  
13:52:47.576 -> 553  465  505  506  303  489  459  509  
13:52:47.676 -> 553  464  507  508  303  489  474  508  
13:52:47.779 -> 572  446  506  507  303  489  475  510  
13:52:47.882 -> 577  440  509  505  303  490  475  509  
13:52:47.983 -> 587  431  507  507  303  507  474  509  
13:52:48.084 -> 596  418  507  505  303  489  474  510  
13:52:48.186 -> 595  419  507  507  303  489  473  509  
13:52:48.289 -> 613  407  508  506  304  495  476  512  
13:52:48.391 -> 605  414  508  505  304  486  474  511  
13:52:48.492 -> 615  400  507  507  304  489  474  509  
13:52:48.594 -> 601  415  506  506  304  489  474  509  
13:52:48.694 -> 616  405  505  505  304  489  475  509  
13:52:48.796 -> 587  426  507  503  304  488  475  509  
13:52:48.898 -> 592  404  509  507  306  489  477  509  
13:52:48.998 -> 572  424  508  509  304  489  474  510  
13:52:49.101 -> 560  402  509  508  304  489  475  510  
13:52:49.203 -> 549  421  506  505  304  490  475  510  
13:52:49.304 -> 524  421  502  507  305  489  475  510  
13:52:49.406 -> 522  447  507  509  304  491  474  508  
13:52:49.541 -> 492  442  507  506  304  489  475  509  
13:52:49.642 -> 495  460  509  507  304  490  475  508  
13:52:49.743 -> 462  475  508  505  304  489  475  509  
13:52:49.844 -> 469  483  508  507  305  490  475  509  
13:52:49.913 -> 430  513  507  506  305  490  475  509  
13:52:50.049 -> 450  509  509  507  305  490  475  509  
13:52:50.151 -> 412  544  506  506  305  489  474  510  
13:52:50.253 -> 438  534  507  507  305  490  478  509  
13:52:50.356 -> 404  579  506  508  305  490  474  509  
13:52:50.456 -> 423  563  508  498  305  483  475  511  
13:52:50.558 -> 397  610  508  507  305  490  478  509  
13:52:50.660 -> 408  597  507  507  305  490  475  510  
13:52:50.760 -> 386  629  508  506  305  490  475  510  
13:52:50.862 -> 405  614  507  507  306  478  475  511  
13:52:50.962 -> 396  620  508  506  306  489  475  510  
13:52:51.064 -> 408  606  507  508  306  491  474  510  
13:52:51.164 -> 409  614  507  507  306  489  475  510  
13:52:51.266 -> 414  605  507  506  306  490  471  509  
13:52:51.367 -> 422  593  507  506  306  490  475  509  
13:52:51.468 -> 426  593  508  506  306  490  475  514  
13:52:51.569 -> 445  575  507  506  306  490  474  509  
13:52:51.671 -> 444  574  507  505  306  490  475  509  
13:52:51.772 -> 470  548  508  505  306  490  475  509  
13:52:51.871 -> 474  548  508  506  306  490  475  508  
13:52:51.974 -> 501  517  508  506  306  490  465  509  
13:52:52.076 -> 501  516  509  505  306  488  475  508  
13:52:52.178 -> 534  486  506  504  307  490  472  510  
13:52:52.279 -> 538  483  507  506  307  490  475  510  
13:52:52.380 -> 561  453  506  506  307  490  474  509  
13:52:52.482 -> 563  456  507  508  307  490  475  508  
13:52:52.582 -> 574  442  506  507  307  489  475  509  
13:52:52.683 -> 589  430  509  506  307  490  474  509  
13:52:52.784 -> 588  430  507  505  307  490  474  510  
13:52:52.886 -> 598  410  510  506  306  490  474  508  
13:52:52.987 -> 599  419  508  506  307  490  470  510  
13:52:53.089 -> 617  401  508  506  307  490  474  509  
13:52:53.191 -> 598  417  509  507  308  490  474  509  
13:52:53.292 -> 621  396  505  505  308  490  475  509  
13:52:53.394 -> 594  427  507  506  308  490  475  510  
13:52:53.497 -> 610  402  507  508  308  476  474  509  
13:52:53.598 -> 581  430  511  508  310  490  476  509  
13:52:53.699 -> 582  399  509  508  308  490  475  509  
13:52:53.801 -> 568  423  507  506  308  490  475  510  
13:52:53.905 -> 544  398  506  506  308  490  474  509  
13:52:54.010 -> 543  433  508  507  309  490  474  510  
13:52:54.113 -> 510  429  507  507  308  490  474  510  
13:52:54.212 -> 515  449  507  506  308  490  475  509  
13:52:54.314 -> 474  451  507  507  306  490  469  509  
13:52:54.415 -> 488  470  508  507  308  490  475  509  
13:52:54.549 -> 444  489  509  506  309  490  475  511  
13:52:54.651 -> 465  487  508  507  309  490  475  508  
13:52:54.751 -> 418  532  509  506  309  490  474  509  
13:52:54.852 -> 447  515  506  508  309  489  474  509  
13:52:54.953 -> 405  562  506  506  312  490  482  509  
13:52:55.054 -> 430  545  508  508  309  490  475  509  
13:52:55.157 -> 399  594  509  511  309  481  474  511  
13:52:55.258 -> 417  579  507  508  310  490  479  509  
13:52:55.359 -> 391  624  507  508  309  490  475  510  
13:52:55.461 -> 401  608  508  506  309  491  474  510  
13:52:55.562 -> 387  630  508  506  310  480  475  503  
13:52:55.664 -> 410  610  508  506  310  490  474  510  
13:52:55.766 -> 402  616  507  507  310  490  475  510  
13:52:55.867 -> 411  606  506  506  310  491  474  509  
13:52:55.968 -> 416  603  509  507  310  490  476  510  
13:52:56.069 -> 422  599  507  507  310  490  478  510  
13:52:56.169 -> 433  585  507  507  310  490  475  508  
13:52:56.272 -> 436  584  508  506  310  490  474  510  
13:52:56.374 -> 455  561  507  506  310  491  476  509  
13:52:56.474 -> 457  561  505  507  310  486  474  511  
13:52:56.577 -> 485  535  507  508  310  490  490  509  
13:52:56.678 -> 487  529  508  505  310  490  475  509  
13:52:56.778 -> 516  501  506  506  310  490  474  510  
13:52:56.879 -> 523  499  508  506  310  490  475  509  
13:52:56.980 -> 549  468  507  506  310  491  475  510  
13:52:57.083 -> 554  464  506  509  311  491  475  509  
13:52:57.185 -> 569  447  507  506  311  490  475  509  
13:52:57.288 -> 576  440  506  507  311  490  474  510  
13:52:57.391 -> 585  432  505  507  312  490  476  509  
13:52:57.492 -> 598  420  508  508  311  489  475  509  
13:52:57.593 -> 594  421  507  508  311  491  476  509  
13:52:57.693 -> 610  407  509  506  312  491  474  510  
13:52:57.794 -> 602  417  505  505  311  494  474  508  
13:52:57.896 -> 617  399  506  508  311  491  475  510  
13:52:57.998 -> 598  419  507  506  312  495  475  511  
13:52:58.098 -> 617  401  507  507  311  496  475  509  
13:52:58.200 -> 589  426  504  507  311  490  473  509  
13:52:58.300 -> 596  401  510  506  312  490  456  510  
13:52:58.401 -> 578  425  507  506  311  491  475  510  
13:52:58.536 -> 565  395  506  499  312  489  475  508  
13:52:58.636 -> 559  425  505  507  312  491  474  509  
13:52:58.737 -> 526  412  507  509  312  491  474  508  
13:52:58.839 -> 530  442  508  508  311  491  481  510  
13:52:58.941 -> 488  438  508  507  312  490  475  509  
13:52:59.042 -> 505  457  507  507  312  491  474  509  
13:52:59.144 -> 457  470  507  507  312  490  474  509  
13:52:59.246 -> 483  471  507  507  311  491  473  509  
13:52:59.348 -> 423  513  508  506  313  493  476  509  
13:52:59.449 -> 460  497  507  506  312  485  474  510  
13:52:59.551 -> 406  549  506  506  312  491  475  509  
13:52:59.652 -> 445  523  508  506  312  491  474  510  
13:52:59.753 -> 394  583  508  507  312  492  476  509  
13:52:59.854 -> 428  554  507  508  312  491  475  507  
13:52:59.956 -> 395  612  508  507  304  490  466  508  
13:53:00.057 -> 404  588  507  507  312  498  475  509  
13:53:00.158 -> 381  633  508  508  313  491  475  509  
13:53:00.260 -> 406  615  507  507  313  491  475  509  
13:53:00.361 -> 393  625  506  506  311  491  463  510  
13:53:00.461 -> 410  607  507  505  312  491  475  510  
13:53:00.562 -> 408  611  508  510  313  487  475  510  
13:53:00.664 -> 416  606  507  505  311  491  475  509  
13:53:00.764 -> 421  594  508  506  313  491  474  510  
13:53:00.867 -> 426  594  507  508  313  494  474  509  
13:53:00.967 -> 447  571  508  506  313  491  474  509  
13:53:01.068 -> 444  574  508  507  313  491  474  510  
13:53:01.170 -> 472  545  508  507  313  491  474  509  
13:53:01.273 -> 473  548  508  506  313  491  475  509  
13:53:01.375 -> 503  516  509  505  313  491  474  508  
13:53:01.475 -> 503  514  507  507  313  491  475  509  
13:53:01.579 -> 536  484  506  508  313  491  475  509  
13:53:01.680 -> 538  480  508  507  312  491  467  510  
13:53:01.782 -> 564  454  508  507  313  491  474  509  
13:53:01.885 -> 564  453  505  505  316  491  486  510  
13:53:01.987 -> 578  437  506  507  314  491  475  509  
13:53:02.089 -> 587  421  507  509  314  490  475  510  
13:53:02.190 -> 591  426  507  507  313  492  474  509  
13:53:02.291 -> 603  411  506  506  314  491  477  508  
13:53:02.392 -> 600  415  513  506  316  494  477  510  
13:53:02.492 -> 617  402  506  506  314  487  475  509  
13:53:02.594 -> 599  415  508  507  314  491  475  509  
13:53:02.697 -> 617  395  508  506  314  491  480  510  
13:53:02.798 -> 598  425  508  506  314  491  475  510  
13:53:02.898 -> 605  403  507  509  314  472  475  508  
13:53:03.000 -> 580  425  509  506  311  491  478  509  
13:53:03.134 -> 579  400  507  507  314  491  474  509  
13:53:03.235 -> 565  423  507  506  314  491  475  510  
13:53:03.337 -> 543  402  508  507  314  491  475  509  
13:53:03.436 -> 539  434  506  506  314  491  445  509  
13:53:03.536 -> 509  430  506  507  314  491  474  497  
13:53:03.637 -> 511  449  505  505  315  491  492  509  
13:53:03.738 -> 474  452  507  507  315  491  475  510  
13:53:03.840 -> 486  470  508  506  315  491  474  509  
13:53:03.942 -> 442  491  507  507  315  491  475  510  
13:53:04.044 -> 464  490  506  506  318  491  475  509  
13:53:04.146 -> 416  533  506  506  315  491  475  512  
13:53:04.247 -> 446  514  506  505  315  491  475  509  
13:53:04.348 -> 402  563  508  507  315  491  475  510  
13:53:04.451 -> 435  544  506  508  315  491  469  510  
13:53:04.553 -> 398  596  508  508  315  498  475  509  
13:53:04.656 -> 417  576  509  508  315  491  475  509  
13:53:04.758 -> 385  628  507  506  316  491  473  508  
13:53:04.860 -> 403  608  505  507  315  490  475  508  
13:53:04.961 -> 386  633  507  506  319  491  494  509  
13:53:05.062 -> 410  611  508  507  316  491  475  509  
13:53:05.163 -> 401  616  507  506  316  492  475  509  
13:53:05.263 -> 414  607  507  507  316  491  475  510  
13:53:05.364 -> 417  604  508  506  316  491  475  509  
13:53:05.465 -> 418  599  508  506  313  497  474  511  
13:53:05.566 -> 434  584  508  505  316  488  475  512  
13:53:05.669 -> 435  586  507  508  316  492  475  509  
13:53:05.769 -> 460  557  506  505  315  491  470  509  
13:53:05.870 -> 457  563  508  506  316  492  475  506  
13:53:05.972 -> 488  530  508  507  316  491  475  510  
13:53:06.073 -> 486  533  508  506  316  491  476  509  
13:53:06.174 -> 520  499  507  508  316  491  474  509  
13:53:06.275 -> 517  499  509  508  316  492  474  509  
13:53:06.377 -> 553  468  507  506  320  491  483  510  
13:53:06.479 -> 549  466  506  506  316  491  475  510  
13:53:06.581 -> 569  450  507  507  316  492  475  509  
13:53:06.683 -> 577  439  508  502  317  485  475  509  
13:53:06.785 -> 581  437  508  507  316  491  469  510  
13:53:06.887 -> 600  418  506  507  317  493  475  509  
13:53:06.989 -> 594  425  505  505  317  491  475  512  
13:53:07.124 -> 611  403  508  505  317  491  475  509  
13:53:07.225 -> 599  419  508  506  317  491  474  509  
13:53:07.325 -> 618  398  507  504  317  491  475  510  
13:53:07.427 -> 598  420  509  507  317  491  474  510  
13:53:07.528 -> 614  400  507  507  318  494  476  510  
13:53:07.630 -> 588  429  505  507  317  491  475  508  
13:53:07.732 -> 596  400  506  507  318  491  492  510  
13:53:07.833 -> 577  427  507  507  318  491  462  510  
13:53:07.936 -> 565  398  508  506  317  491  475  508  
13:53:08.037 -> 556  428  507  508  318  492  475  509  
13:53:08.138 -> 522  411  509  507  318  491  475  510  
13:53:08.240 -> 529  444  507  507  317  496  475  509  
13:53:08.343 -> 491  440  507  507  318  491  475  509  
13:53:08.444 -> 501  457  508  506  325  491  478  508  
13:53:08.547 -> 458  471  507  505  317  491  475  509  
13:53:08.648 -> 478  478  509  506  318  491  475  511  
13:53:08.748 -> 425  510  507  506  318  491  483  504  
13:53:08.849 -> 457  503  507  507  318  492  475  509  
13:53:08.950 -> 407  548  508  507  318  491  475  510  
13:53:09.052 -> 439  530  507  507  318  480  475  509  
13:53:09.153 -> 402  581  509  506  318  491  473  511  
13:53:09.253 -> 425  560  508  506  319  491  475  509  
13:53:09.353 -> 390  613  506  507  318  491  474  508  
13:53:09.454 -> 404  593  507  506  318  490  475  508  
13:53:09.555 -> 387  633  507  506  318  492  475  509  
13:53:09.656 -> 401  614  507  507  318  501  475  511  
13:53:09.757 -> 395  622  507  506  319  492  475  509  
13:53:09.857 -> 412  608  506  508  319  492  476  510  
13:53:09.960 -> 406  612  507  506  319  492  473  510  
13:53:10.061 -> 414  602  508  508  319  492  475  509  
13:53:10.161 -> 424  594  507  507  319  465  475  508  
13:53:10.262 -> 428  592  507  507  319  492  475  509  
13:53:10.363 -> 447  572  509  506  319  491  476  509  
13:53:10.463 -> 445  571  508  508  318  490  475  509  
13:53:10.564 -> 472  546  507  506  320  492  475  509  
13:53:10.699 -> 473  547  507  505  319  492  474  511  
13:53:10.800 -> 501  516  507  506  319  492  475  510  
13:53:10.900 -> 508  513  508  507  319  490  475  509  
13:53:11.001 -> 534  483  509  507  319  492  475  509  
13:53:11.101 -> 540  477  508  506  319  495  475  510  
13:53:11.204 -> 563  455  508  506  320  492  474  510  
13:53:11.307 -> 568  453  508  507  319  492  475  509  
13:53:11.407 -> 576  441  508  506  320  492  475  509  
13:53:11.510 -> 590  429  508  508  320  491  475  505  
13:53:11.611 -> 589  426  506  505  320  492  475  509  
13:53:11.712 -> 605  411  507  509  320  495  475  509  
13:53:11.815 -> 598  419  508  507  320  494  475  510  
13:53:11.916 -> 617  398  507  506  320  491  475  509  
13:53:12.018 -> 598  417  507  506  320  492  473  508  
13:53:12.119 -> 620  399  507  507  320  493  475  510  
13:53:12.219 -> 591  424  508  507  320  494  475  516  
13:53:12.321 -> 607  401  509  506  319  492  463  510  
13:53:12.424 -> 585  432  508  507  320  493  475  509  
13:53:12.525 -> 581  399  507  506  320  492  475  510  
13:53:12.626 -> 566  421  505  504  320  491  476  509  
13:53:12.728 -> 544  401  507  505  320  492  474  509  
13:53:12.829 -> 545  436  507  507  321  492  474  509  
13:53:12.929 -> 506  427  507  506  320  481  474  509  
13:53:13.030 -> 515  447  508  506  322  492  460  510  
13:53:13.132 -> 471  455  506  507  321  499  475  510  
13:53:13.234 -> 492  463  506  505  321  492  474  509  
13:53:13.336 -> 440  492  508  506  321  492  474  509  
13:53:13.437 -> 471  484  508  505  321  492  475  510  
13:53:13.538 -> 413  535  507  508  321  492  475  512  
13:53:13.639 -> 451  512  508  506  321  492  475  510  
13:53:13.740 -> 401  569  507  506  317  492  470  509  
13:53:13.840 -> 432  542  508  508  322  496  475  509  
13:53:13.943 -> 396  599  508  506  321  493  474  510  
13:53:14.043 -> 414  574  509  507  322  492  482  509  
13:53:14.176 -> 386  630  508  507  321  491  475  509  
13:53:14.279 -> 405  606  507  508  322  492  465  510  
13:53:14.381 -> 384  632  507  506  321  492  475  510  
13:53:14.482 -> 407  609  509  506  321  491  475  510  
13:53:14.583 -> 404  618  508  506  320  492  474  510  
13:53:14.683 -> 409  606  508  508  322  493  475  509  
13:53:14.784 -> 415  601  505  505  322  492  474  509  
13:53:14.885 -> 420  601  507  505  322  492  483  509  
13:53:14.986 -> 434  585  509  507  322  495  474  508  
13:53:15.087 -> 436  585  508  505  322  492  474  509  
13:53:15.187 -> 461  560  508  506  322  492  474  508  
13:53:15.287 -> 458  559  508  506  322  494  475  509  
13:53:15.390 -> 487  530  507  506  322  492  474  508  
13:53:15.490 -> 491  528  506  506  322  492  474  510  
13:53:15.593 -> 517  498  509  506  315  492  460  509  
13:53:15.694 -> 523  496  507  507  323  493  474  509  
13:53:15.793 -> 552  466  506  507  322  488  475  509  
13:53:15.896 -> 554  463  506  505  323  492  475  509  
13:53:15.998 -> 572  447  510  507  323  493  475  512  
13:53:16.098 -> 577  440  506  507  323  492  475  509  
13:53:16.198 -> 584  432  507  508  323  492  478  509  
13:53:16.300 -> 599  418  508  509  325  492  471  509  
13:53:16.401 -> 595  422  509  507  323  490  475  509  
13:53:16.501 -> 610  405  507  507  323  492  475  509  
13:53:16.607 -> 601  413  508  507  323  492  474  509  
13:53:16.709 -> 618  397  508  508  324  493  476  507  
13:53:16.811 -> 599  420  509  506  323  491  475  509  
13:53:16.911 -> 614  402  507  506  323  492  474  510  
13:53:17.014 -> 590  426  508  508  323  492  473  509  
13:53:17.115 -> 593  405  506  506  323  492  475  509  
13:53:17.216 -> 572  422  505  501  323  492  475  509  
13:53:17.318 -> 560  397  506  506  324  492  475  510  
13:53:17.420 -> 553  426  509  506  324  492  474  511  
13:53:17.523 -> 521  419  508  505  324  492  475  510  
13:53:17.624 -> 523  440  508  506  327  492  476  509  
13:53:17.727 -> 491  441  510  508  319  492  470  509  
13:53:17.830 -> 498  463  508  507  324  492  475  509  
13:53:17.930 -> 457  475  507  506  324  492  475  497  
13:53:18.031 -> 475  478  506  508  324  492  475  511  
13:53:18.135 -> 425  517  507  507  324  492  476  510  
13:53:18.236 -> 455  502  507  507  324  489  475  509  
13:53:18.337 -> 407  550  507  507  324  492  475  509  
13:53:18.439 -> 441  530  508  507  324  492  474  509  
13:53:18.541 -> 398  583  507  508  325  493  475  508  
13:53:18.642 -> 424  560  507  507  325  492  474  511  
13:53:18.744 -> 391  618  507  505  334  492  462  509  
13:53:18.878 -> 404  594  507  507  325  502  474  509  
13:53:18.978 -> 382  633  508  506  325  492  474  509  
13:53:19.079 -> 405  614  509  507  324  492  475  509  
13:53:19.180 -> 396  622  508  508  325  492  474  509  
13:53:19.283 -> 407  606  505  507  325  492  475  509  
13:53:19.383 -> 410  610  508  506  325  491  474  511  
13:53:19.486 -> 416  606  506  507  323  492  471  509  
13:53:19.586 -> 424  593  507  505  326  496  476  509  
13:53:19.689 -> 426  593  507  506  326  491  475  509  
13:53:19.789 -> 450  569  508  506  325  492  474  510  
13:53:19.889 -> 447  573  508  507  326  492  475  510  
13:53:19.991 -> 474  541  507  507  326  492  474  510  
13:53:20.093 -> 471  546  509  506  326  491  474  509  
13:53:20.192 -> 506  514  506  506  326  492  474  508  
13:53:20.293 -> 504  513  508  503  326  499  475  508  
13:53:20.394 -> 536  482  507  507  326  492  475  509  
13:53:20.495 -> 539  478  507  507  327  492  477  509  
13:53:20.597 -> 564  455  507  507  326  492  475  509  
13:53:20.697 -> 566  451  508  505  326  492  474  509  
13:53:20.799 -> 574  442  505  507  326  478  475  507  
13:53:20.901 -> 586  427  507  507  326  492  476  509  
13:53:21.001 -> 588  429  509  509  327  494  475  510  
13:53:21.103 -> 608  410  506  507  326  494  475  509  
13:53:21.203 -> 595  421  508  506  327  492  474  511  
13:53:21.304 -> 616  399  507  506  327  492  474  510  