14:25:04.696 -> 445  569  508  506  500  469  488  511  
14:25:04.798 -> 451  567  508  507  497  471  484  509  
14:25:04.900 -> 461  558  509  507  499  471  483  508  
14:25:05.000 -> 466  552  507  507  497  476  482  510  
14:25:05.100 -> 474  544  507  508  497  470  483  510  
14:25:05.201 -> 491  528  508  508  497  471  483  510  
14:25:05.302 -> 496  522  506  507  509  471  489  509  
14:25:05.437 -> 497  520  509  508  498  472  482  511  
14:25:05.539 -> 501  519  507  507  497  471  483  499  
14:25:05.640 -> 498  517  507  507  497  471  483  510  
14:25:05.740 -> 504  517  508  507  497  471  483  509  
14:25:05.841 -> 502  517  508  506  497  472  483  510  
14:25:05.943 -> 503  516  507  508  497  471  483  510  
14:25:06.043 -> 501  515  508  507  497  471  486  509  
14:25:06.146 -> 502  514  509  505  497  472  482  509  
14:25:06.248 -> 505  516  507  506  498  474  483  509  
14:25:06.350 -> 503  517  506  506  497  472  483  511  
14:25:06.452 -> 504  516  508  507  497  471  483  509  
14:25:06.554 -> 505  514  510  506  497  471  481  509  
14:25:06.656 -> 506  514  508  508  497  472  483  509  
14:25:06.756 -> 505  514  509  508  498  472  483  510  
14:25:06.858 -> 496  505  510  508  497  471  484  509  
14:25:06.959 -> 489  501  509  506  497  471  484  510  
14:25:07.062 -> 482  496  507  506  498  473  483  510  
14:25:07.162 -> 476  493  509  508  497  473  483  510  
14:25:07.263 -> 470  487  509  507  498  471  483  509  
14:25:07.365 -> 460  485  508  506  472  471  481  508  
14:25:07.466 -> 447  486  507  508  497  471  483  509  
14:25:07.567 -> 424  497  509  506  498  471  483  510  
14:25:07.671 -> 409  510  507  506  498  467  483  510  
14:25:07.771 -> 398  520  506  507  497  472  483  509  
14:25:07.872 -> 385  535  508  508  498  471  482  511  
14:25:07.973 -> 369  553  507  508  498  472  483  509  
14:25:08.074 -> 366  570  507  507  498  471  483  509  
14:25:08.175 -> 366  589  508  507  496  472  484  509  
14:25:08.275 -> 373  605  506  507  498  471  483  508  
14:25:08.377 -> 378  614  506  506  497  481  483  511  
14:25:08.478 -> 387  620  509  507  498  472  483  508  
14:25:08.579 -> 399  619  508  508  501  472  491  509  
14:25:08.680 -> 405  618  509  507  498  471  483  510  
14:25:08.782 -> 406  610  508  507  498  482  483  510  
14:25:08.882 -> 410  605  507  505  498  469  483  510  
14:25:08.985 -> 417  604  508  507  499  471  487  511  
14:25:09.086 -> 425  597  507  506  497  471  485  509  
14:25:09.189 -> 429  589  504  507  500  480  485  510  
14:25:09.289 -> 435  580  508  507  497  473  483  510  
14:25:09.390 -> 444  575  509  509  501  468  489  510  
14:25:09.524 -> 453  565  508  508  497  472  483  509  
14:25:09.625 -> 459  556  508  506  499  472  484  510  
14:25:09.727 -> 467  550  509  509  498  471  484  510  
14:25:09.827 -> 476  544  508  507  497  472  485  510  
14:25:09.929 -> 492  528  509  506  498  472  484  510  
14:25:10.031 -> 499  521  508  508  498  473  484  509  
14:25:10.132 -> 497  519  507  502  498  473  484  509  
14:25:10.233 -> 497  518  508  507  497  472  486  510  
14:25:10.334 -> 502  517  508  506  475  472  486  510  
14:25:10.435 -> 502  517  507  507  498  474  484  509  
14:25:10.535 -> 501  516  509  507  498  472  484  502  
14:25:10.636 -> 503  516  507  507  498  472  485  510  
14:25:10.736 -> 505  513  508  507  497  472  485  510  
14:25:10.837 -> 502  514  508  505  497  474  484  509  
14:25:10.937 -> 503  516  508  509  497  472  484  510  
14:25:11.040 -> 505  514  509  508  497  472  485  511  
14:25:11.143 -> 504  512  510  507  497  472  484  510  
14:25:11.245 -> 505  514  508  507  497  472  485  509  
14:25:11.345 -> 504  513  508  508  497  442  485  504  
14:25:11.445 -> 504  515  508  507  497  472  486  509  
14:25:11.547 -> 499  504  510  506  508  472  486  509  
14:25:11.649 -> 490  501  507  506  497  473  485  509  
14:25:11.750 -> 481  513  506  504  497  470  485  509  
14:25:11.850 -> 475  491  509  506  497  472  487  509  
14:25:11.952 -> 472  488  508  507  502  472  487  510  
14:25:12.053 -> 458  486  508  506  497  472  485  510  
14:25:12.156 -> 446  484  508  505  497  472  485  510  
14:25:12.257 -> 424  499  507  508  497  472  485  509  
14:25:12.359 -> 410  511  508  506  498  472  485  509  
14:25:12.460 -> 391  521  507  506  497  472  485  509  
14:25:12.562 -> 381  537  508  507  497  467  485  510  
14:25:12.664 -> 373  554  508  507  498  472  485  510  
14:25:12.765 -> 369  568  509  507  498  472  485  509  
14:25:12.899 -> 364  589  507  508  497  485  485  508  
14:25:13.002 -> 373  603  507  506  498  472  485  510  
14:25:13.103 -> 382  615  507  506  497  472  487  510  
14:25:13.205 -> 392  623  507  507  498  472  485  510  
14:25:13.306 -> 396  617  508  507  497  473  485  510  
14:25:13.407 -> 403  616  506  507  497  472  485  508  
14:25:13.507 -> 408  610  509  506  497  472  484  509  
14:25:13.609 -> 412  608  507  507  499  472  485  508  
14:25:13.709 -> 417  600  508  507  497  472  485  509  
14:25:13.811 -> 423  594  508  499  498  466  486  510  
14:25:13.911 -> 431  588  508  508  497  472  484  509  
14:25:14.012 -> 438  583  508  507  497  472  484  510  
14:25:14.115 -> 448  573  507  510  498  475  485  510  
14:25:14.216 -> 454  566  508  508  498  472  485  510  
14:25:14.318 -> 461  557  508  506  499  472  489  510  
14:25:14.418 -> 469  551  507  508  497  472  485  510  
14:25:14.519 -> 478  543  508  508  498  472  486  510  
14:25:14.620 -> 491  528  507  506  498  473  485  510  
14:25:14.720 -> 496  522  507  505  498  472  486  509  
14:25:14.822 -> 496  522  508  507  497  472  485  509  
14:25:14.923 -> 502  518  510  507  504  472  489  509  
14:25:15.023 -> 499  516  508  507  497  474  485  508  
14:25:15.125 -> 501  516  508  508  498  467  485  509  
14:25:15.226 -> 502  517  508  506  497  472  486  510  
14:25:15.327 -> 503  516  507  505  497  472  447  510  
14:25:15.427 -> 504  515  508  507  497  473  485  509  
14:25:15.530 -> 505  515  510  508  498  473  485  510  
14:25:15.631 -> 502  514  507  506  497  472  486  509  
14:25:15.732 -> 503  514  508  507  498  472  486  509  
14:25:15.834 -> 503  513  507  507  497  473  485  510  
14:25:15.935 -> 505  515  507  507  497  473  485  510  
14:25:16.037 -> 505  514  508  506  497  472  486  510  
14:25:16.138 -> 504  511  508  507  497  472  447  509  
14:25:16.239 -> 496  505  509  507  497  473  485  510  
14:25:16.341 -> 489  494  507  502  497  468  485  510  
14:25:16.475 -> 480  497  507  504  497  470  486  510  
14:25:16.575 -> 476  492  508  508  497  472  487  510  
14:25:16.676 -> 467  488  507  506  499  472  486  510  
14:25:16.777 -> 458  485  508  507  497  472  485  509  
14:25:16.878 -> 445  485  507  507  497  472  486  510  
14:25:16.980 -> 422  503  507  508  498  472  486  509  
14:25:17.082 -> 404  515  506  507  497  472  485  510  
14:25:17.182 -> 394  522  507  505  497  472  485  510  
14:25:17.284 -> 350  606  508  507  497  472  485  510  
14:25:17.384 -> 413  529  507  507  497  472  483  509  
14:25:17.485 -> 374  552  506  508  497  482  485  509  
14:25:17.587 -> 370  596  509  507  497  472  485  509  
14:25:17.688 -> 375  609  508  508  497  473  486  509  
14:25:17.790 -> 383  616  507  505  497  472  486  510  
14:25:17.891 -> 389  619  507  506  497  476  486  510  
14:25:17.993 -> 397  619  506  506  497  472  485  509  
14:25:18.094 -> 402  615  508  504  497  472  485  509  
14:25:18.194 -> 409  613  509  507  497  473  486  510  
14:25:18.296 -> 410  606  508  508  497  473  486  510  
14:25:18.397 -> 417  598  507  507  497  469  486  510  
14:25:18.498 -> 425  593  508  506  497  472  485  509  
14:25:18.599 -> 432  589  509  506  497  472  449  509  
14:25:18.701 -> 438  580  509  507  498  474  486  510  
14:25:18.802 -> 444  572  508  506  497  472  486  510  
14:25:18.904 -> 453  564  508  506  499  472  487  509  
14:25:19.006 -> 462  557  508  507  497  472  486  510  
14:25:19.107 -> 468  548  508  507  497  477  487  510  
14:25:19.207 -> 476  540  507  507  497  473  486  509  
14:25:19.309 -> 493  526  511  509  497  472  486  510  
14:25:19.411 -> 497  522  508  508  497  472  486  509  
14:25:19.512 -> 501  518  508  507  498  472  486  509  
14:25:19.615 -> 501  521  508  506  497  471  486  509  
14:25:19.717 -> 500  521  508  507  497  474  489  509  
14:25:19.818 -> 502  517  507  506  497  473  486  509  
14:25:19.953 -> 501  513  508  507  498  473  492  510  
14:25:20.055 -> 506  516  508  507  497  473  486  509  
14:25:20.155 -> 504  516  509  507  497  450  488  510  
14:25:20.257 -> 503  515  507  508  497  472  487  509  
14:25:20.358 -> 504  516  507  507  497  473  472  509  
14:25:20.459 -> 506  515  508  509  497  476  486  509  
14:25:20.561 -> 504  515  508  508  497  472  486  509  
14:25:20.661 -> 505  513  508  507  497  472  487  508  
14:25:20.763 -> 503  514  505  507  511  473  495  509  
14:25:20.865 -> 503  513  509  507  497  475  486  509  
14:25:20.967 -> 495  504  508  506  497  473  487  508  
14:25:21.067 -> 489  500  507  507  494  473  487  510  
14:25:21.168 -> 482  494  509  508  497  474  486  510  
14:25:21.269 -> 474  492  507  506  497  472  486  509  
14:25:21.370 -> 468  486  508  505  497  473  487  509  
14:25:21.471 -> 458  486  507  507  497  473  486  510  
14:25:21.572 -> 443  487  509  507  497  475  486  510  
14:25:21.674 -> 420  503  508  507  497  473  486  509  
14:25:21.776 -> 406  513  508  507  499  473  487  509  
14:25:21.876 -> 395  525  508  507  497  473  486  509  
14:25:21.979 -> 377  540  508  507  497  475  486  509  
14:25:22.079 -> 370  554  508  507  497  472  487  510  
14:25:22.180 -> 368  575  507  505  497  473  486  509  
14:25:22.282 -> 367  592  506  507  497  473  478  509  
14:25:22.383 -> 370  607  507  506  497  473  486  511  
14:25:22.483 -> 381  616  508  506  497  473  486  509  
14:25:22.583 -> 392  620  506  507  497  473  486  509  
14:25:22.683 -> 397  619  508  506  497  473  476  509  
14:25:22.785 -> 401  615  508  507  497  473  486  510  
14:25:22.886 -> 407  611  506  507  497  471  486  510  
14:25:23.021 -> 415  607  507  507  497  473  486  510  
14:25:23.124 -> 419  603  509  507  497  473  486  509  
14:25:23.192 -> 426  595  507  507  497  473  486  509  
14:25:23.328 -> 432  587  509  509  497  474  486  510  
14:25:23.431 -> 439  580  508  506  497  473  486  510  
14:25:23.533 -> 449  573  507  506  493  473  487  510  
14:25:23.600 -> 455  566  508  506  497  473  486  510  
14:25:23.701 -> 461  556  508  507  497  473  487  510  
14:25:23.836 -> 469  550  507  509  498  473  488  508  
14:25:23.936 -> 479  541  506  504  497  473  487  510  
14:25:24.039 -> 496  524  506  506  497  475  486  510  
14:25:24.141 -> 497  525  507  508  497  473  486  510  
14:25:24.242 -> 497  521  508  509  498  473  487  510  
14:25:24.344 -> 501  518  507  508  497  473  487  509  
14:25:24.445 -> 504  517  508  507  497  474  486  511  
14:25:24.547 -> 502  517  508  508  497  474  486  509  
14:25:24.646 -> 501  515  509  507  497  473  487  510  
14:25:24.749 -> 503  516  508  505  497  473  485  509  
14:25:24.851 -> 505  515  509  508  497  473  487  510  
14:25:24.953 -> 504  515  508  507  497  473  487  510  
14:25:25.056 -> 503  515  509  506  497  473  487  510  
14:25:25.157 -> 504  516  509  508  497  473  486  509  
14:25:25.260 -> 506  515  508  507  497  474  487  510  
14:25:25.361 -> 504  513  509  507  497  474  487  509  
14:25:25.462 -> 506  513  507  506  498  473  490  509  
14:25:25.563 -> 505  513  508  506  497  473  487  510  
14:25:25.667 -> 496  506  508  507  497  473  487  511  
14:25:25.772 -> 487  501  509  507  497  474  487  510  
14:25:25.873 -> 481  496  507  507  497  473  494  509  
14:25:25.975 -> 476  491  506  507  497  473  487  510  
14:25:26.077 -> 467  488  507  507  498  481  487  510  
14:25:26.176 -> 457  486  497  506  499  481  489  510  
14:25:26.277 -> 442  487  508  507  496  482  486  510  
14:25:26.378 -> 419  503  508  509  504  482  479  509  
14:25:26.479 -> 405  514  507  508  497  475  486  510  
14:25:26.580 -> 392  526  506  507  497  457  487  512  
14:25:26.682 -> 381  540  508  505  499  473  490  510  
14:25:26.783 -> 372  561  509  507  498  473  479  508  
14:25:26.886 -> 365  577  507  506  497  474  487  510  
14:25:26.987 -> 368  593  506  501  497  466  487  509  
14:25:27.089 -> 379  608  507  507  497  473  486  510  
14:25:27.190 -> 385  617  508  506  500  473  491  509  
14:25:27.291 -> 389  621  509  506  497  474  487  510  
14:25:27.392 -> 400  618  509  506  497  473  487  503  
14:25:27.492 -> 403  616  507  505  497  473  487  510  
14:25:27.593 -> 405  612  509  507  497  473  487  509  
14:25:27.695 -> 413  606  508  507  498  474  487  509  
14:25:27.796 -> 417  598  508  507  497  475  488  509  
14:25:27.897 -> 427  594  509  507  497  473  487  509  
14:25:27.998 -> 430  587  507  507  497  473  487  510  
14:25:28.100 -> 440  579  508  508  497  473  487  510  
14:25:28.235 -> 447  573  508  508  497  474  486  509  
14:25:28.335 -> 456  565  508  506  497  474  489  509  
14:25:28.436 -> 464  557  509  507  475  474  482  510  
14:25:28.505 -> 470  548  506  508  497  475  487  511  
14:25:28.639 -> 479  539  506  508  497  474  487  510  
14:25:28.741 -> 495  525  508  506  497  474  488  510  
14:25:28.843 -> 498  521  507  506  497  474  487  510  
14:25:28.945 -> 498  520  508  506  497  476  487  511  
14:25:29.047 -> 499  520  507  507  497  474  487  509  
14:25:29.149 -> 499  519  508  508  497  473  488  510  
14:25:29.250 -> 502  516  508  507  497  474  486  509  
14:25:29.352 -> 503  515  508  507  497  475  487  511  
14:25:29.456 -> 505  517  509  506  497  473  486  510  
14:25:29.557 -> 504  515  508  508  497  474  487  510  
14:25:29.658 -> 503  516  508  504  497  474  486  509  
14:25:29.758 -> 504  515  507  506  497  474  488  510  
14:25:29.861 -> 503  513  509  508  497  474  487  509  
14:25:29.963 -> 503  513  509  508  497  474  489  509  
14:25:30.066 -> 505  514  508  507  497  474  488  509  
14:25:30.170 -> 506  512  507  507  497  476  487  509  
14:25:30.270 -> 502  509  506  507  497  474  487  509  
14:25:30.370 -> 495  504  507  508  497  474  487  510  
14:25:30.471 -> 487  499  507  505  497  474  488  509  
14:25:30.573 -> 480  495  509  504  497  480  487  510  
14:25:30.676 -> 472  490  507  509  497  475  487  511  
14:25:30.776 -> 466  487  509  512  498  471  494  509  
14:25:30.876 -> 457  485  508  506  497  474  489  510  
14:25:30.977 -> 442  487  507  508  497  474  482  510  
14:25:31.078 -> 415  504  507  506  497  476  487  510  
14:25:31.179 -> 403  516  507  506  497  474  487  505  
14:25:31.281 -> 392  526  508  507  499  474  490  510  
14:25:31.382 -> 378  542  507  508  497  474  487  509  
14:25:31.483 -> 368  559  508  506  497  474  487  511  
14:25:31.585 -> 367  576  508  506  497  474  487  515  
14:25:31.687 -> 369  594  508  507  497  474  487  510  
14:25:31.789 -> 377  608  505  506  489  474  484  509  
14:25:31.890 -> 381  617  509  507  497  474  487  510  
14:25:31.991 -> 396  621  508  506  497  474  487  509  
14:25:32.092 -> 399  619  508  507  497  474  486  509  
14:25:32.193 -> 402  615  507  507  497  474  487  509  
14:25:32.295 -> 408  608  508  506  497  474  487  510  
14:25:32.398 -> 413  605  508  506  497  474  491  510  
14:25:32.499 -> 418  600  509  505  497  474  488  510  
14:25:32.600 -> 424  592  507  507  497  474  487  510  
14:25:32.701 -> 433  586  509  507  497  474  487  509  
14:25:32.834 -> 441  579  506  506  497  474  487  509  
14:25:32.935 -> 449  569  509  508  484  474  484  509  
14:25:33.038 -> 459  560  508  508  497  475  487  510  
14:25:33.139 -> 462  555  507  508  496  473  487  510  
14:25:33.241 -> 471  547  509  507  496  474  488  510  
14:25:33.342 -> 482  540  506  505  497  477  487  510  
14:25:33.443 -> 493  525  507  508  497  474  487  509  
14:25:33.544 -> 496  523  509  506  498  474  490  510  
14:25:33.647 -> 498  520  508  507  497  474  488  510  
14:25:33.748 -> 500  517  507  508  497  476  488  510  
14:25:33.851 -> 501  518  508  509  497  473  487  508  
14:25:33.952 -> 502  520  507  502  498  476  490  510  
14:25:34.053 -> 503  515  508  506  496  474  488  509  
14:25:34.155 -> 503  514  508  507  475  475  489  510  
14:25:34.256 -> 504  514  508  507  497  475  487  509  
14:25:34.358 -> 503  517  508  509  496  475  488  508  
14:25:34.459 -> 502  514  509  507  497  474  488  510  
14:25:34.561 -> 507  515  508  507  496  474  488  509  
14:25:34.662 -> 506  512  508  506  496  475  487  509  
14:25:34.765 -> 503  512  508  507  497  475  488  510  
14:25:34.867 -> 505  511  508  507  496  474  489  510  
14:25:34.968 -> 504  510  507  506  496  474  488  510  
14:25:35.069 -> 494  504  510  508  496  476  488  510  
14:25:35.172 -> 486  500  507  508  496  475  487  494  
14:25:35.273 -> 480  494  509  506  497  474  489  510  
14:25:35.373 -> 472  491  508  506  456  474  473  510  
14:25:35.475 -> 466  487  508  506  496  474  487  510  
14:25:35.576 -> 453  485  507  494  496  466  488  508  
14:25:35.677 -> 440  487  506  498  496  466  488  508  
14:25:35.779 -> 418  505  506  505  496  474  488  509  
14:25:35.881 -> 403  516  512  507  496  474  488  510  
14:25:35.983 -> 388  529  507  507  497  476  488  510  
14:25:36.084 -> 377  543  508  499  496  470  488  508  
14:25:36.184 -> 372  561  506  508  496  474  499  510  
14:25:36.286 -> 367  579  506  507  493  474  488  508  
14:25:36.389 -> 367  596  507  509  496  474  488  511  
14:25:36.490 -> 376  611  508  506  496  473  487  509  
14:25:36.592 -> 385  619  506  506  496  474  488  509  
14:25:36.693 -> 393  620  507  507  485  474  487  510  
14:25:36.794 -> 398  619  509  506  496  474  488  509  
14:25:36.897 -> 404  615  509  507  496  474  488  509  
14:25:36.998 -> 408  610  507  507  496  474  488  509  
14:25:37.100 -> 413  606  506  506  496  474  488  510  
14:25:37.202 -> 419  596  507  506  496  474  488  509  
14:25:37.304 -> 426  592  508  506  496  476  488  510  
14:25:37.406 -> 434  586  508  506  496  474  488  510  
14:25:37.507 -> 445  578  505  505  501  475  492  509  
14:25:37.608 -> 449  569  507  509  496  475  488  510  
14:25:37.708 -> 456  562  509  508  496  475  488  507  
14:25:37.842 -> 462  556  508  507  496  474  488  510  
14:25:37.944 -> 471  549  507  506  496  475  489  510  
14:25:38.046 -> 484  535  509  507  496  479  488  510  
14:25:38.146 -> 497  524  509  506  496  475  488  509  
14:25:38.248 -> 496  522  508  507  496  474  491  510  
14:25:38.350 -> 498  519  509  506  496  474  488  509  
14:25:38.451 -> 500  519  509  506  497  476  489  511  
14:25:38.552 -> 502  518  508  506  496  472  488  510  
14:25:38.655 -> 502  516  508  506  496  470  491  509  
14:25:38.755 -> 501  516  507  507  496  474  489  509  
14:25:38.856 -> 502  513  508  506  496  475  488  510  
14:25:38.957 -> 505  515  508  507  496  476  488  508  
14:25:39.057 -> 504  514  509  506  496  475  488  510  
14:25:39.158 -> 503  514  508  507  496  474  489  509  
14:25:39.259 -> 502  516  508  507  496  474  488  509  
14:25:39.361 -> 507  514  507  506  496  475  489  509  
14:25:39.462 -> 502  514  506  508  496  472  488  509  
14:25:39.564 -> 504  515  508  506  495  475  489  510  
14:25:39.663 -> 501  510  508  508  496  475  488  510  
14:25:39.764 -> 495  504  508  508  496  476  488  510  
14:25:39.864 -> 485  497  508  505  496  476  488  509  
14:25:39.965 -> 478  494  505  507  496  476  488  510  
14:25:40.066 -> 472  491  508  507  496  475  488  509  
14:25:40.166 -> 465  486  508  507  496  474  489  510  
14:25:40.267 -> 456  485  508  506  496  475  488  508  
14:25:40.370 -> 437  490  509  507  496  476  488  494  
14:25:40.471 -> 416  507  509  506  495  475  488  510  
14:25:40.574 -> 403  515  506  506  495  474  476  509  
14:25:40.675 -> 385  527  508  506  497  481  489  509  
14:25:40.776 -> 377  542  507  507  496  481  488  509  
14:25:40.912 -> 369  563  506  508  495  475  498  509  
14:25:40.978 -> 369  579  508  506  498  474  487  510  
14:25:41.079 -> 371  596  506  507  496  475  489  509  
14:25:41.215 -> 377  611  507  506  496  475  488  509  
14:25:41.316 -> 387  611  507  510  496  474  488  510  
14:25:41.417 -> 395  621  508  507  495  475  489  510  
14:25:41.519 -> 400  619  507  507  496  475  440  510  
14:25:41.619 -> 402  612  507  507  495  475  489  510  
14:25:41.721 -> 408  609  508  507  496  475  488  510  
14:25:41.824 -> 416  606  508  509  495  475  490  509  
14:25:41.925 -> 421  601  508  506  496  475  491  510  
14:25:42.029 -> 428  594  508  508  495  475  489  510  
14:25:42.129 -> 434  584  509  508  495  474  489  509  
14:25:42.229 -> 442  578  509  506  495  475  488  509  
14:25:42.329 -> 449  570  515  507  501  475  492  510  
14:25:42.430 -> 458  563  507  505  495  475  489  510  
14:25:42.531 -> 461  554  507  509  495  475  489  509  
14:25:42.632 -> 470  548  510  507  496  475  491  511  
14:25:42.733 -> 482  537  509  508  495  475  489  508  
14:25:42.833 -> 495  524  508  507  495  480  489  510  
14:25:42.934 -> 498  520  510  507  495  475  489  509  
14:25:43.034 -> 500  520  506  507  496  475  491  510  
14:25:43.135 -> 501  517  508  506  495  475  489  511  
14:25:43.237 -> 501  516  508  507  499  477  491  509  
14:25:43.339 -> 502  515  508  508  495  476  489  510  
14:25:43.441 -> 501  517  506  503  497  476  492  510  
14:25:43.542 -> 501  515  507  507  495  475  489  509  
14:25:43.644 -> 504  514  507  507  495  475  483  510  
14:25:43.745 -> 506  514  506  507  495  477  490  510  
14:25:43.845 -> 503  515  507  507  495  475  489  509  
14:25:43.946 -> 504  514  507  505  495  475  490  510  
14:25:44.046 -> 504  514  507  507  495  475  490  510  
14:25:44.148 -> 506  516  508  508  495  476  489  510  
14:25:44.281 -> 506  512  508  507  495  471  489  510  
14:25:44.382 -> 500  509  507  508  495  475  491  509  
14:25:44.484 -> 494  503  507  507  495  475  490  509  
14:25:44.584 -> 486  499  507  507  495  476  489  511  
14:25:44.685 -> 479  495  508  506  495  476  490  496  
14:25:44.787 -> 471  493  507  506  495  475  489  509  
14:25:44.888 -> 463  488  508  508  495  475  461  509  
14:25:44.992 -> 453  487  507  508  495  475  490  510  
14:25:45.094 -> 436  490  510  495  495  467  490  508  
14:25:45.195 -> 416  507  509  507  495  475  490  509  
14:25:45.296 -> 403  515  507  508  496  475  488  509  
14:25:45.398 -> 387  529  508  507  496  476  490  509  
14:25:45.501 -> 379  546  507  505  495  471  490  509  
14:25:45.602 -> 369  564  506  507  497  475  499  509  
14:25:45.704 -> 368  583  508  506  495  475  490  511  
14:25:45.805 -> 368  598  509  507  496  475  490  510  
14:25:45.907 -> 376  610  507  506  495  475  490  509  
14:25:46.008 -> 386  619  508  508  495  475  490  509  
14:25:46.108 -> 397  620  508  507  495  475  490  510  
14:25:46.209 -> 398  618  506  507  495  475  479  509 