14:27:43.060 -> 490  527  509  507  495  481  493  510  
14:27:43.160 -> 489  532  508  507  494  480  493  510  
14:27:43.260 -> 486  530  509  506  495  480  494  510  
14:27:43.361 -> 486  533  508  507  495  480  493  510  
14:27:43.463 -> 485  531  509  508  495  481  494  510  
14:27:43.563 -> 484  532  507  506  495  480  493  510  
14:27:43.663 -> 485  533  508  507  496  480  494  510  
14:27:43.764 -> 483  533  510  507  495  480  493  510  
14:27:43.867 -> 484  536  509  507  495  480  493  511  
14:27:43.969 -> 481  535  507  505  495  481  493  509  
14:27:44.073 -> 482  534  509  508  494  480  493  508  
14:27:44.173 -> 484  533  507  506  495  480  494  509  
14:27:44.274 -> 486  534  508  507  495  480  493  510  
14:27:44.374 -> 487  533  508  506  495  481  493  509  
14:27:44.477 -> 488  529  509  507  495  481  493  509  
14:27:44.579 -> 492  528  509  505  495  477  493  509  
14:27:44.680 -> 496  522  508  507  495  480  493  510  
14:27:44.782 -> 499  519  508  507  495  481  492  509  
14:27:44.883 -> 507  511  508  507  495  481  493  510  
14:27:44.983 -> 507  510  508  506  495  480  493  509  
14:27:45.084 -> 508  510  510  507  495  480  493  510  
14:27:45.219 -> 508  511  509  507  495  481  493  509  
14:27:45.320 -> 509  510  508  507  494  480  492  509  
14:27:45.421 -> 517  502  508  507  495  480  493  509  
14:27:45.489 -> 514  503  509  508  495  480  493  504  
14:27:45.624 -> 495  522  509  506  495  481  492  511  
14:27:45.725 -> 501  516  508  507  495  481  493  510  
14:27:45.825 -> 515  505  509  507  495  480  492  509  
14:27:45.927 -> 506  509  508  506  495  480  492  509  
14:27:46.028 -> 506  510  507  506  495  480  493  510  
14:27:46.130 -> 507  512  507  507  495  481  492  509  
14:27:46.231 -> 511  511  508  507  494  480  492  510  
14:27:46.332 -> 507  511  508  506  495  480  492  510  
14:27:46.433 -> 509  510  509  508  495  480  492  509  
14:27:46.536 -> 506  510  509  507  495  480  492  510  
14:27:46.638 -> 506  512  509  507  495  481  493  509  
14:27:46.739 -> 506  511  509  508  495  481  492  510  
14:27:46.839 -> 505  510  508  508  495  480  492  510  
14:27:46.940 -> 505  510  508  506  495  481  492  510  
14:27:47.041 -> 504  513  510  507  495  481  492  510  
14:27:47.141 -> 503  515  508  507  495  480  493  510  
14:27:47.242 -> 499  519  508  508  495  480  492  508  
14:27:47.342 -> 498  521  508  508  495  481  492  508  
14:27:47.444 -> 495  523  509  505  495  481  492  510  
14:27:47.545 -> 495  525  507  506  495  480  492  509  
14:27:47.646 -> 494  526  509  506  495  480  494  510  
14:27:47.747 -> 491  528  508  507  495  481  492  510  
14:27:47.847 -> 488  531  509  508  495  484  492  510  
14:27:47.949 -> 487  531  508  507  495  481  492  510  
14:27:48.050 -> 486  533  509  508  495  481  492  510  
14:27:48.151 -> 486  532  510  507  495  481  493  510  
14:27:48.252 -> 485  533  507  508  495  480  492  509  
14:27:48.352 -> 485  533  509  507  496  480  493  510  
14:27:48.488 -> 485  534  508  508  496  481  493  510  
14:27:48.590 -> 485  534  509  507  495  480  492  510  
14:27:48.691 -> 483  535  509  507  495  481  493  510  
14:27:48.792 -> 485  535  509  507  495  480  492  510  
14:27:48.893 -> 484  533  509  508  495  481  492  509  
14:27:48.994 -> 487  532  508  507  496  481  493  510  
14:27:49.094 -> 487  530  509  507  495  481  492  509  
14:27:49.195 -> 488  527  508  507  496  477  492  507  
14:27:49.296 -> 491  527  507  506  495  482  493  510  
14:27:49.397 -> 495  523  508  508  495  482  492  510  
14:27:49.497 -> 501  518  507  507  495  481  492  510  
14:27:49.598 -> 507  512  508  506  495  480  492  509  
14:27:49.698 -> 509  510  508  507  495  480  493  510  
14:27:49.799 -> 508  509  506  507  495  481  492  510  
14:27:49.900 -> 512  510  508  507  494  481  492  509  
14:27:50.001 -> 508  508  509  506  495  480  493  510  
14:27:50.103 -> 507  510  508  506  495  481  493  510  
14:27:50.203 -> 508  512  508  508  495  481  493  510  
14:27:50.304 -> 508  511  509  507  495  481  493  509  
14:27:50.404 -> 508  512  509  507  495  481  493  509  
14:27:50.504 -> 507  510  508  507  495  481  493  509  
14:27:50.606 -> 509  512  508  507  495  480  492  510  
14:27:50.706 -> 509  511  506  505  495  480  493  510  
14:27:50.809 -> 507  512  508  507  499  481  488  509  
14:27:50.910 -> 508  509  508  507  496  481  492  510  
14:27:51.012 -> 508  511  507  508  495  481  493  509  
14:27:51.114 -> 509  510  507  508  495  480  493  509  
14:27:51.248 -> 506  512  508  509  495  481  493  509  
14:27:51.349 -> 505  510  508  507  496  481  493  510  
14:27:51.449 -> 506  511  509  508  495  481  493  509  
14:27:51.550 -> 505  511  509  507  495  481  493  509  
14:27:51.651 -> 507  512  508  509  495  481  493  509  
14:27:51.753 -> 506  513  509  508  495  481  493  509  
14:27:51.853 -> 503  516  509  508  495  481  493  509  
14:27:51.955 -> 498  520  509  507  495  481  493  510  
14:27:52.057 -> 495  520  509  507  495  481  493  510  
14:27:52.160 -> 495  523  507  507  495  482  492  510  
14:27:52.262 -> 493  525  509  508  495  480  493  508  
14:27:52.365 -> 491  524  509  508  496  481  493  511  
14:27:52.465 -> 493  526  509  508  495  481  493  510  
14:27:52.567 -> 487  530  509  507  495  481  493  509  
14:27:52.667 -> 487  530  509  507  495  481  493  509  
14:27:52.766 -> 484  533  508  507  495  481  494  509  
14:27:52.867 -> 486  533  508  508  495  481  492  509  
14:27:52.968 -> 486  533  509  507  495  481  494  508  
14:27:53.070 -> 485  534  508  506  495  481  493  509  
14:27:53.170 -> 483  533  508  507  495  481  492  510  
14:27:53.273 -> 483  536  506  508  496  480  493  509  
14:27:53.376 -> 483  535  508  507  496  475  494  510  
14:27:53.477 -> 484  533  508  507  496  481  493  510  
14:27:53.579 -> 484  532  509  506  495  481  493  511  
14:27:53.681 -> 487  533  509  508  495  481  494  510  
14:27:53.782 -> 488  530  508  506  495  481  494  508  
14:27:53.884 -> 489  528  508  507  496  480  494  509  
14:27:53.986 -> 492  526  509  507  495  480  494  509  
14:27:54.088 -> 496  523  508  506  495  481  493  509  
14:27:54.189 -> 500  519  507  507  495  481  493  510  
14:27:54.291 -> 510  512  508  508  493  481  492  509  
14:27:54.392 -> 507  510  507  507  495  481  493  509  
14:27:54.495 -> 508  511  507  507  495  481  493  509  
14:27:54.595 -> 508  511  509  507  495  481  493  509  
14:27:54.697 -> 508  512  508  508  495  481  493  510  
14:27:54.798 -> 508  511  509  505  495  481  493  510  
14:27:54.898 -> 508  510  508  508  495  482  493  509  
14:27:55.032 -> 508  511  509  506  495  480  493  509  
14:27:55.134 -> 508  510  509  506  495  481  494  510  
14:27:55.236 -> 508  510  509  505  495  481  493  508  
14:27:55.337 -> 506  510  507  506  495  481  494  510  
14:27:55.438 -> 507  508  508  507  495  481  494  509  
14:27:55.540 -> 507  512  510  507  495  480  493  509  
14:27:55.641 -> 508  509  507  507  495  481  494  510  
14:27:55.741 -> 508  513  509  508  495  481  494  510  
14:27:55.843 -> 507  513  509  506  495  482  494  510  
14:27:55.945 -> 508  511  509  507  495  481  494  510  
14:27:56.047 -> 506  510  509  508  496  481  494  509  
14:27:56.150 -> 508  510  507  507  494  481  493  509  
14:27:56.252 -> 506  511  508  507  495  481  493  509  
14:27:56.352 -> 505  514  508  501  495  473  494  510  
14:27:56.453 -> 506  514  508  507  495  481  494  510  
14:27:56.553 -> 502  516  507  508  499  481  486  509  
14:27:56.655 -> 495  521  506  505  495  481  494  509  
14:27:56.757 -> 496  522  508  507  495  482  494  510  
14:27:56.860 -> 495  521  509  507  495  482  493  508  
14:27:56.961 -> 496  524  508  509  495  481  492  509  
14:27:57.062 -> 491  527  508  506  495  481  494  509  
14:27:57.163 -> 490  527  508  509  495  482  494  507  
14:27:57.263 -> 489  528  509  506  495  481  494  503  
14:27:57.366 -> 485  530  508  506  495  483  494  510  
14:27:57.467 -> 485  533  509  507  495  481  494  509  
14:27:57.568 -> 487  531  506  507  495  480  493  509  
14:27:57.668 -> 483  532  509  507  495  482  493  510  
14:27:57.769 -> 485  532  510  506  495  481  495  509  
14:27:57.872 -> 484  535  508  506  495  481  493  510  
14:27:57.975 -> 484  534  508  506  495  481  493  508  
14:27:58.075 -> 483  535  509  508  495  483  494  510  
14:27:58.177 -> 485  533  508  507  495  481  493  510  
14:27:58.279 -> 485  534  508  507  496  482  494  509  
14:27:58.379 -> 486  532  507  508  495  481  492  510  
14:27:58.481 -> 488  528  509  507  496  481  493  510  
14:27:58.582 -> 491  526  508  505  496  481  493  510  
14:27:58.685 -> 492  526  508  508  496  481  493  510  
14:27:58.785 -> 496  525  507  507  487  482  490  510  
14:27:58.886 -> 501  517  508  506  496  482  493  510  
14:27:58.988 -> 506  512  507  508  496  481  493  510  
14:27:59.089 -> 508  509  508  507  495  482  493  509  
14:27:59.190 -> 506  513  507  507  495  482  493  511  
14:27:59.324 -> 508  510  507  507  495  481  492  510  
14:27:59.424 -> 508  509  508  507  495  481  494  509  
14:27:59.525 -> 510  508  508  501  495  471  493  510  
14:27:59.627 -> 507  509  507  508  495  482  493  511  
14:27:59.728 -> 508  507  508  505  496  481  493  510  
14:27:59.830 -> 506  509  509  508  496  481  493  509  
14:27:59.931 -> 509  511  508  508  496  481  493  510  
14:28:00.031 -> 509  510  508  508  496  482  493  509  
14:28:00.134 -> 507  510  508  506  496  481  493  511  
14:28:00.234 -> 507  511  509  506  495  481  493  509  
14:28:00.335 -> 509  510  510  506  496  481  493  509  
14:28:00.436 -> 509  509  509  507  496  481  493  509  
14:28:00.537 -> 508  509  507  506  496  481  493  509  
14:28:00.639 -> 505  511  508  507  496  481  492  510  
14:28:00.739 -> 508  513  508  507  496  481  493  509  
14:28:00.840 -> 506  512  509  506  496  481  493  509  
14:28:00.942 -> 506  512  509  507  496  482  493  510  
14:28:01.044 -> 504  512  507  507  496  481  493  509  
14:28:01.146 -> 505  513  508  506  496  481  493  510  
14:28:01.247 -> 502  515  507  507  496  482  493  509  
14:28:01.346 -> 498  521  510  508  496  482  493  510  
14:28:01.447 -> 495  521  508  508  495  482  493  510  
14:28:01.547 -> 496  522  508  510  496  481  494  509  
14:28:01.649 -> 493  524  511  508  496  481  493  509  
14:28:01.750 -> 491  525  507  507  496  482  494  509  
14:28:01.851 -> 490  527  508  507  497  482  492  509  
14:28:01.952 -> 485  532  508  507  496  482  492  509  
14:28:02.087 -> 486  532  508  507  496  481  493  509  
14:28:02.188 -> 488  534  509  505  496  482  493  510  
14:28:02.288 -> 485  530  510  507  496  481  493  510  
14:28:02.389 -> 485  534  509  507  495  482  493  509  
14:28:02.490 -> 485  532  508  507  496  482  492  510  
14:28:02.590 -> 482  533  508  506  496  481  493  511  
14:28:02.692 -> 484  534  507  507  496  480  493  509  
14:28:02.794 -> 484  535  509  508  496  481  493  510  
14:28:02.895 -> 485  535  508  507  496  482  492  510  
14:28:02.997 -> 485  532  509  507  496  482  493  511  
14:28:03.097 -> 486  534  508  505  496  479  494  509  
14:28:03.198 -> 487  531  507  505  496  480  493  509  
14:28:03.299 -> 491  528  508  506  496  482  493  510  
14:28:03.399 -> 493  526  508  505  496  482  493  511  
14:28:03.501 -> 497  522  507  507  496  482  493  509  
14:28:03.602 -> 505  514  508  506  495  481  493  509  
14:28:03.706 -> 507  511  508  507  496  481  494  509  
14:28:03.807 -> 506  512  506  507  496  481  493  510  
14:28:03.907 -> 508  511  509  506  495  482  493  509  
14:28:04.007 -> 508  510  508  507  496  482  493  509  
14:28:04.108 -> 508  511  508  506  496  482  494  509  
14:28:04.210 -> 507  510  508  505  496  482  494  509  
14:28:04.310 -> 509  511  508  507  496  482  494  510  
14:28:04.411 -> 506  510  508  507  496  482  493  509  
14:28:04.515 -> 509  510  508  507  496  481  493  510  
14:28:04.616 -> 507  511  506  507  496  481  493  509  
14:28:04.719 -> 508  510  507  507  496  482  493  509  
14:28:04.823 -> 507  511  509  508  496  482  483  511  
14:28:04.925 -> 507  511  508  507  496  481  494  509  
14:28:05.028 -> 506  511  509  506  496  482  493  508  
14:28:05.129 -> 508  510  508  506  496  480  493  508  
14:28:05.230 -> 505  511  508  507  496  481  494  509  
14:28:05.331 -> 507  513  509  506  496  482  494  510  
14:28:05.434 -> 505  510  509  507  496  481  493  510  
14:28:05.536 -> 504  511  508  507  496  481  494  511  
14:28:05.638 -> 505  512  510  506  496  482  494  510  
14:28:05.739 -> 506  512  510  507  496  482  493  509  
14:28:05.840 -> 503  513  509  509  496  482  494  509  
14:28:05.942 -> 499  515  508  506  496  482  494  510  
14:28:06.044 -> 498  519  507  508  496  482  494  509  
14:28:06.144 -> 497  522  508  507  496  482  494  509  
14:28:06.246 -> 495  522  508  506  496  482  492  509  
14:28:06.347 -> 494  524  507  507  496  481  494  509  
14:28:06.448 -> 493  525  508  506  496  482  493  510  
14:28:06.583 -> 491  528  509  507  496  482  494  510  
14:28:06.683 -> 487  531  507  506  496  482  494  509  
14:28:06.785 -> 487  533  507  507  496  482  494  509  
14:28:06.888 -> 486  533  507  507  496  481  493  509  
14:28:06.989 -> 486  533  509  506  496  481  494  510  
14:28:07.090 -> 485  532  509  506  496  482  494  509  
14:28:07.190 -> 486  535  507  508  496  482  493  510  
14:28:07.291 -> 483  534  507  506  496  482  493  509  
14:28:07.392 -> 484  533  510  508  496  481  494  510  
14:28:07.494 -> 483  533  509  508  496  481  494  510  
14:28:07.593 -> 485  534  509  506  496  482  494  510  
14:28:07.696 -> 485  534  508  509  496  482  493  509  
14:28:07.797 -> 487  531  509  507  496  482  493  509  
14:28:07.898 -> 488  529  508  507  496  483  494  510  
14:28:08.000 -> 490  526  509  507  496  482  494  510  
14:28:08.100 -> 493  526  506  506  496  482  494  509  
14:28:08.200 -> 496  522  508  508  496  482  494  509  
14:28:08.299 -> 504  514  507  507  496  481  493  509  
14:28:08.400 -> 505  512  507  508  496  482  493  510  
14:28:08.501 -> 508  510  510  507  496  482  494  509  
14:28:08.603 -> 507  504  509  508  496  477  493  510  
14:28:08.704 -> 507  509  509  507  496  482  493  510  
14:28:08.806 -> 509  511  508  506  496  482  494  509  
14:28:08.908 -> 505  510  508  506  496  481  493  508  
14:28:09.011 -> 508  510  507  506  496  482  493  510  
14:28:09.112 -> 507  510  506  507  496  481  494  511  
14:28:09.213 -> 508  511  508  508  496  482  493  509  
14:28:09.317 -> 509  510  509  508  496  482  493  509  
14:28:09.417 -> 509  511  508  507  496  483  494  510  
14:28:09.517 -> 507  510  507  507  496  474  494  508  
14:28:09.618 -> 507  508  509  507  496  483  494  510  
14:28:09.721 -> 509  511  508  507  496  482  494  510  
14:28:09.823 -> 508  511  506  507  496  481  492  510  
14:28:09.959 -> 508  510  508  508  496  481  494  509  
14:28:10.059 -> 505  509  508  507  496  481  494  510  
14:28:10.163 -> 506  513  509  508  496  482  493  509  
14:28:10.231 -> 507  511  507  508  496  482  494  510  
14:28:10.331 -> 505  512  507  506  496  482  494  509  
14:28:10.466 -> 505  512  507  507  496  482  493  509  
14:28:10.567 -> 504  514  507  508  496  482  494  510  
14:28:10.668 -> 500  516  508  508  496  482  493  510  
14:28:10.772 -> 496  521  507  507  496  482  494  509  
14:28:10.874 -> 495  522  509  508  497  482  493  509  
14:28:10.974 -> 495  524  507  508  496  483  493  509  
14:28:11.075 -> 495  524  509  507  496  482  492  510  
14:28:11.176 -> 492  526  510  508  496  481  494  507  
14:28:11.278 -> 490  530  507  506  496  480  493  509  
14:28:11.380 -> 487  530  508  506  496  482  492  510  
14:28:11.480 -> 486  533  507  505  496  482  491  510  
14:28:11.581 -> 485  531  506  507  496  481  493  509  
14:28:11.681 -> 486  531  509  507  496  482  493  509  
14:28:11.784 -> 484  533  508  508  496  482  494  508  
14:28:11.887 -> 484  535  509  507  496  482  494  509  
14:28:11.989 -> 484  534  509  506  496  481  493  509  
14:28:12.090 -> 485  535  507  508  496  483  493  509  
14:28:12.190 -> 482  535  508  507  496  482  495  510  
14:28:12.290 -> 484  533  508  508  496  481  494  511  
14:28:12.392 -> 484  533  507  506  496  482  494  509  
14:28:12.492 -> 488  534  507  507  491  482  494  509  
14:28:12.593 -> 488  528  506  506  497  482  493  510  
14:28:12.694 -> 491  527  507  508  497  482  494  509  
14:28:12.795 -> 492  524  510  508  496  482  494  510  
14:28:12.895 -> 496  521  508  507  496  482  493  510  
14:28:12.997 -> 505  514  509  507  496  482  493  510  
14:28:13.098 -> 506  511  509  506  496  482  493  511  
14:28:13.198 -> 506  512  506  507  496  482  493  509  
14:28:13.298 -> 508  510  508  510  496  477  493  510  
14:28:13.401 -> 507  511  509  507  496  482  494  509  
14:28:13.501 -> 508  509  508  507  496  482  493  510  
14:28:13.635 -> 507  511  507  506  496  482  493  510  
14:28:13.736 -> 508  509  509  507  496  482  494  509  
14:28:13.836 -> 507  511  508  508  496  482  493  509  
14:28:13.938 -> 510  509  507  507  496  482  493  509  
14:28:14.038 -> 508  511  509  505  495  482  493  509  
14:28:14.139 -> 506  510  508  506  497  482  493  509  
14:28:14.241 -> 507  510  507  507  496  500  493  508  
14:28:14.342 -> 507  511  508  506  496  482  493  510  
14:28:14.443 -> 506  510  508  507  496  482  493  510  
14:28:14.544 -> 507  510  509  507  497  482  492  509  
14:28:14.646 -> 508  512  508  506  496  482  494  509  
14:28:14.748 -> 506  511  509  507  496  482  494  509  
14:28:14.849 -> 506  512  509  507  496  482  493  510  
14:28:14.952 -> 506  511  507  507  496  482  493  509  
14:28:15.053 -> 506  512  508  507  496  482  493  510  
14:28:15.154 -> 506  512  509  506  496  482  494  510  
14:28:15.256 -> 503  513  507  507  496  482  493  509  
14:28:15.358 -> 500  518  509  508  496  482  493  510  
14:28:15.459 -> 498  521  507  506  496  482  492  508  
14:28:15.560 -> 496  522  507  507  496  483  493  508  
14:28:15.660 -> 493  523  508  506  496  481  493  509  
14:28:15.762 -> 494  525  509  508  496  482  493  510  
14:28:15.862 -> 492  527  507  509  497  482  494  510  
14:28:15.963 -> 489  528  509  507  496  482  493  509  
14:28:16.064 -> 487  530  509  507  496  482  493  510  
14:28:16.166 -> 486  531  507  503  496  472  493  509  
14:28:16.267 -> 487  532  508  508  496  482  493  509  
14:28:16.368 -> 484  534  507  507  496  482  482  509  
14:28:16.469 -> 486  533  507  507  496  482  493  510  
14:28:16.569 -> 484  533  509  506  496  482  491  510  
14:28:16.671 -> 484  534  508  507  496  482  494  510  
14:28:16.805 -> 484  533  508  507  496  482  494  510  
14:28:16.906 -> 483  536  509  507  496  482  494  510  
14:28:17.008 -> 483  533  508  508  496  482  494  510  
14:28:17.110 -> 486  533  508  505  496  482  493  510  
14:28:17.211 -> 488  532  509  506  496  481  494  510  
14:28:17.310 -> 490  531  508  506  496  482  494  509  
14:28:17.412 -> 492  528  505  507  498  483  495  509  
14:28:17.513 -> 492  526  508  507  496  482  493  510  
14:28:17.614 -> 498  519  509  507  496  482  495  510  
14:28:17.715 -> 507  512  507  507  496  482  494  510  
14:28:17.815 -> 507  513  510  508  496  482  494  509  