13:40:58.340 -> 510  507  505  505  495  492  481  509  
13:40:58.441 -> 509  508  507  507  495  496  481  509  
13:40:58.542 -> 509  508  508  506  495  497  482  510  
13:40:58.642 -> 523  498  509  507  496  497  481  509  
13:40:58.745 -> 534  482  507  507  492  497  472  509  
13:40:58.846 -> 542  476  507  507  495  497  482  509  
13:40:58.947 -> 556  459  507  505  496  497  481  509  
13:40:59.048 -> 562  454  507  507  498  497  486  509  
13:40:59.149 -> 575  443  505  506  496  497  481  510  
13:40:59.251 -> 586  431  508  506  495  499  482  509  
13:40:59.352 -> 592  427  507  507  495  495  481  510  
13:40:59.452 -> 596  422  508  499  499  498  492  510  
13:40:59.555 -> 597  416  508  505  495  497  481  510  
13:40:59.657 -> 596  420  507  504  496  497  482  510  
13:40:59.757 -> 599  421  506  506  496  499  481  509  
13:40:59.857 -> 596  420  510  506  495  496  482  510  
13:40:59.958 -> 590  422  509  505  496  497  481  509  
13:41:00.059 -> 580  420  506  505  496  497  481  510  
13:41:00.160 -> 575  418  509  505  495  503  482  510  
13:41:00.261 -> 563  420  507  506  496  497  482  509  
13:41:00.362 -> 551  419  507  506  496  497  481  509  
13:41:00.463 -> 532  427  508  506  496  497  481  509  
13:41:00.566 -> 517  440  506  507  495  497  481  510  
13:41:00.668 -> 501  452  509  508  496  497  481  510  
13:41:00.770 -> 487  464  506  506  495  496  481  510  
13:41:00.871 -> 472  473  508  505  496  497  482  509  
13:41:00.972 -> 458  488  508  508  496  497  482  509  
13:41:01.072 -> 442  504  507  505  496  497  481  509  
13:41:01.173 -> 439  509  507  506  493  509  481  510  
13:41:01.276 -> 436  509  507  506  496  494  482  509  
13:41:01.380 -> 440  509  508  506  495  497  480  509  
13:41:01.481 -> 442  510  507  506  495  497  481  509  
13:41:01.583 -> 443  511  508  507  496  496  482  509  
13:41:01.685 -> 451  510  508  506  495  497  482  509  
13:41:01.787 -> 461  510  509  506  495  497  482  509  
13:41:01.921 -> 474  508  507  506  496  497  481  509  
13:41:02.022 -> 484  509  508  508  495  497  482  510  
13:41:02.123 -> 495  509  507  506  496  503  481  509  
13:41:02.223 -> 506  508  507  506  496  498  481  510  
13:41:02.324 -> 509  509  507  505  495  497  481  510  
13:41:02.425 -> 511  509  507  508  495  497  481  510  
13:41:02.526 -> 508  507  507  507  495  498  482  509  
13:41:02.626 -> 510  509  507  505  496  494  482  509  
13:41:02.727 -> 509  509  506  506  495  497  475  510  
13:41:02.828 -> 509  509  508  505  496  497  483  509  
13:41:02.928 -> 509  509  507  507  496  505  481  509  
13:41:03.029 -> 511  508  508  505  496  499  481  509  
13:41:03.128 -> 510  508  508  507  496  497  481  511  
13:41:03.230 -> 510  508  507  508  496  497  480  509  
13:41:03.334 -> 520  498  508  507  496  497  482  509  
13:41:03.435 -> 535  483  507  507  496  498  482  510  
13:41:03.537 -> 544  473  507  506  496  497  482  509  
13:41:03.639 -> 557  459  507  508  499  497  491  508  
13:41:03.738 -> 566  450  508  507  496  497  479  509  
13:41:03.839 -> 577  440  509  506  482  497  469  509  
13:41:03.938 -> 585  433  508  507  496  496  482  510  
13:41:04.039 -> 590  426  509  507  496  497  481  510  
13:41:04.141 -> 594  422  507  506  496  497  481  510  
13:41:04.242 -> 602  416  508  506  496  497  486  509  
13:41:04.343 -> 601  419  508  506  496  498  481  509  
13:41:04.444 -> 598  421  508  507  496  503  481  510  
13:41:04.578 -> 594  421  508  506  497  498  491  510  
13:41:04.680 -> 590  424  508  505  502  497  475  509  
13:41:04.781 -> 581  423  510  506  496  497  471  509  
13:41:04.883 -> 574  418  508  506  496  497  482  510  
13:41:04.985 -> 559  416  507  507  496  497  482  510  
13:41:05.086 -> 546  419  508  507  496  497  482  508  
13:41:05.187 -> 529  430  507  507  496  497  481  509  
13:41:05.288 -> 518  440  509  506  496  499  481  509  
13:41:05.389 -> 502  455  507  506  496  501  482  510  
13:41:05.491 -> 485  462  507  508  496  486  481  509  
13:41:05.592 -> 469  476  508  506  496  497  481  509  
13:41:05.693 -> 458  489  509  507  504  498  480  509  
13:41:05.795 -> 442  506  509  505  496  497  481  510  
13:41:05.898 -> 439  509  509  507  495  497  481  508  
13:41:06.001 -> 437  510  508  507  496  497  481  509  
13:41:06.102 -> 438  508  505  507  496  498  481  509  
13:41:06.203 -> 443  508  508  505  497  497  496  508  
13:41:06.304 -> 447  510  508  505  496  497  500  509  
13:41:06.407 -> 451  509  507  506  496  497  464  508  
13:41:06.508 -> 458  511  506  507  496  497  482  510  
13:41:06.609 -> 471  508  506  507  496  497  481  510  
13:41:06.711 -> 488  511  506  506  495  497  483  509  
13:41:06.812 -> 500  510  507  508  496  497  481  510  
13:41:06.913 -> 506  508  508  508  496  497  481  509  
13:41:07.014 -> 507  510  507  505  496  494  481  510  
13:41:07.114 -> 509  508  507  506  496  498  482  510  
13:41:07.216 -> 510  509  506  507  504  497  488  508  
13:41:07.317 -> 507  508  505  509  496  497  482  509  
13:41:07.419 -> 508  508  508  507  496  496  481  509  
13:41:07.522 -> 508  510  507  506  496  490  482  510  
13:41:07.624 -> 510  508  507  507  495  497  479  510  
13:41:07.725 -> 509  509  507  506  496  497  481  509  
13:41:07.824 -> 511  507  509  507  496  505  482  508  
13:41:07.925 -> 510  506  507  506  496  497  481  509  
13:41:08.026 -> 526  496  508  506  496  494  482  509  
13:41:08.127 -> 536  483  507  504  496  487  481  509  
13:41:08.227 -> 549  471  507  505  496  497  482  510  
13:41:08.330 -> 557  461  507  506  495  497  480  509  
13:41:08.432 -> 568  451  507  507  496  497  481  509  
13:41:08.534 -> 575  444  509  507  496  499  481  510  
13:41:08.634 -> 589  432  507  506  496  495  481  509  
13:41:08.770 -> 590  428  507  504  499  497  490  509  
13:41:08.871 -> 597  418  507  508  496  497  482  509  
13:41:08.974 -> 599  419  507  505  496  497  481  510  
13:41:09.077 -> 600  417  507  505  496  503  481  508  
13:41:09.176 -> 595  421  509  506  496  497  481  510  
13:41:09.279 -> 592  420  508  509  496  497  482  509  
13:41:09.379 -> 590  423  507  508  496  497  482  509  
13:41:09.481 -> 581  422  510  507  496  499  481  508  
13:41:09.581 -> 575  415  506  508  496  500  481  510  
13:41:09.682 -> 561  415  508  505  496  498  481  509  
13:41:09.783 -> 549  419  508  506  496  497  481  508  
13:41:09.884 -> 529  433  508  506  495  497  480  509  
13:41:09.986 -> 516  443  508  506  496  497  482  510  
13:41:10.088 -> 498  453  507  506  496  498  481  509  
13:41:10.188 -> 484  461  505  506  496  497  482  510  
13:41:10.289 -> 468  476  507  507  496  497  481  509  
13:41:10.391 -> 455  492  508  505  497  498  482  509  
13:41:10.493 -> 440  508  508  509  496  497  481  510  
13:41:10.594 -> 438  509  508  507  496  497  481  510  
13:41:10.696 -> 439  509  508  507  496  497  480  509  
13:41:10.798 -> 439  510  507  507  496  497  481  510  
13:41:10.900 -> 441  510  509  506  496  502  481  510  
13:41:11.001 -> 446  511  506  508  496  497  481  508  
13:41:11.102 -> 455  509  507  507  496  497  482  510  
13:41:11.202 -> 459  511  509  507  496  506  481  510  
13:41:11.303 -> 472  511  508  506  496  497  481  509  
13:41:11.404 -> 488  508  507  506  496  497  481  509  
13:41:11.506 -> 499  510  507  506  496  497  481  510  
13:41:11.609 -> 507  510  506  507  496  497  481  510  
13:41:11.711 -> 507  509  507  506  495  497  478  510  
13:41:11.811 -> 507  508  508  505  496  498  481  510  
13:41:11.911 -> 510  510  508  505  496  486  481  509  
13:41:12.014 -> 508  510  507  507  495  498  471  510  
13:41:12.118 -> 509  508  507  507  496  497  481  509  
13:41:12.220 -> 510  509  507  507  496  497  479  509  
13:41:12.322 -> 507  509  507  505  496  497  481  510  
13:41:12.423 -> 510  511  507  508  496  496  481  510  
13:41:12.523 -> 511  508  507  506  497  497  484  510  
13:41:12.624 -> 509  508  507  506  496  497  482  509  
13:41:12.727 -> 523  492  507  508  496  501  481  508  
13:41:12.827 -> 534  485  507  507  496  497  481  510  
13:41:12.928 -> 548  471  507  506  496  497  481  510  
13:41:13.029 -> 562  457  508  505  496  497  481  509  
13:41:13.164 -> 568  450  507  507  495  497  468  510  
13:41:13.266 -> 579  440  508  508  496  496  481  509  
13:41:13.368 -> 588  432  507  506  496  498  481  509  
13:41:13.467 -> 590  425  507  507  496  497  482  509  
13:41:13.570 -> 596  420  508  504  495  497  476  510  
13:41:13.672 -> 601  417  508  507  496  498  481  510  
13:41:13.775 -> 600  418  507  505  496  497  481  511  
13:41:13.876 -> 596  417  508  499  496  497  495  509  
13:41:13.977 -> 594  420  507  508  496  498  503  508  
13:41:14.077 -> 591  426  506  506  496  497  481  510  
13:41:14.180 -> 583  424  507  505  496  498  481  510  
13:41:14.281 -> 569  414  508  507  496  498  481  509  
13:41:14.383 -> 560  414  509  506  501  497  486  509  
13:41:14.485 -> 544  422  508  506  496  497  481  509  
13:41:14.587 -> 529  434  508  505  496  497  481  509  
13:41:14.689 -> 513  442  507  505  496  490  481  512  
13:41:14.790 -> 501  452  507  507  496  498  481  509  
13:41:14.891 -> 481  466  509  506  496  497  481  510  
13:41:14.991 -> 465  478  508  507  496  497  481  509  
13:41:15.091 -> 452  494  510  507  496  498  481  509  
13:41:15.192 -> 441  505  507  507  496  496  481  509  
13:41:15.293 -> 438  509  507  507  496  497  482  510  
13:41:15.394 -> 439  508  508  507  495  497  481  509  
13:41:15.496 -> 440  508  507  505  488  497  473  510  
13:41:15.598 -> 440  512  507  506  496  498  481  509  
13:41:15.699 -> 448  509  508  506  496  497  481  510  
13:41:15.800 -> 453  510  507  507  496  497  481  509  
13:41:15.901 -> 463  510  506  507  496  497  481  509  
13:41:16.003 -> 471  511  507  506  496  500  481  509  
13:41:16.105 -> 488  510  509  506  496  497  481  509  
13:41:16.207 -> 500  509  508  506  496  497  480  509  
13:41:16.307 -> 508  509  509  508  497  497  488  510  
13:41:16.408 -> 508  510  508  507  496  497  481  508  
13:41:16.508 -> 506  509  506  507  496  501  482  510  
13:41:16.608 -> 510  510  507  508  496  497  480  509  
13:41:16.712 -> 511  510  508  507  496  498  484  509  
13:41:16.845 -> 508  508  508  506  494  497  472  509  
13:41:16.945 -> 508  507  506  506  496  497  481  510  
13:41:17.046 -> 510  509  506  508  496  497  481  510  
13:41:17.146 -> 512  507  508  507  496  499  481  509  
13:41:17.247 -> 511  509  507  506  496  497  481  509  
13:41:17.351 -> 511  508  507  507  488  497  468  509  
13:41:17.452 -> 524  493  507  506  496  497  481  509  
13:41:17.552 -> 538  479  506  505  496  499  481  509  
13:41:17.653 -> 549  468  507  506  496  497  481  509  
13:41:17.753 -> 559  459  507  504  496  497  495  509  
13:41:17.855 -> 569  447  508  507  496  497  482  509  
13:41:17.956 -> 577  441  507  506  496  497  482  509  
13:41:18.057 -> 588  428  506  507  496  497  480  509  
13:41:18.157 -> 593  426  508  507  496  497  481  501  
13:41:18.260 -> 597  418  509  507  496  497  481  510  
13:41:18.363 -> 598  415  510  507  496  497  480  510  
13:41:18.464 -> 599  417  507  506  496  497  476  509  
13:41:18.564 -> 599  421  503  507  499  503  483  512  
13:41:18.665 -> 597  425  506  509  496  521  481  506  
13:41:18.766 -> 585  424  506  507  496  497  481  509  
13:41:18.868 -> 578  417  507  505  496  497  481  509  
13:41:18.969 -> 570  413  509  507  496  497  481  510  
13:41:19.069 -> 561  416  507  506  496  501  481  509  
13:41:19.170 -> 545  426  506  506  496  497  482  509  
13:41:19.269 -> 526  432  508  506  496  497  481  511  
13:41:19.370 -> 512  441  510  507  516  497  472  509  
13:41:19.472 -> 496  454  507  506  496  497  481  509  
13:41:19.607 -> 478  470  508  504  496  497  481  510  
13:41:19.709 -> 468  477  507  507  496  497  481  509  
13:41:19.810 -> 452  495  509  507  496  497  481  509  
13:41:19.909 -> 440  506  507  506  496  497  480  508  
13:41:20.010 -> 436  511  508  506  495  497  481  509  
13:41:20.112 -> 438  507  508  506  496  497  478  509  
13:41:20.213 -> 438  509  509  507  483  497  467  508  
13:41:20.313 -> 441  511  506  508  496  498  481  509  
13:41:20.413 -> 446  513  508  507  496  497  481  508  
13:41:20.514 -> 453  509  507  507  496  497  481  510  
13:41:20.615 -> 465  508  508  505  496  497  481  510  
13:41:20.717 -> 474  510  507  506  496  509  481  509  
13:41:20.818 -> 488  510  509  506  496  495  481  509  
13:41:20.918 -> 501  508  507  508  496  497  481  510  
13:41:21.018 -> 507  508  507  507  496  497  483  509  
13:41:21.118 -> 507  510  507  507  496  497  481  509  
13:41:21.220 -> 507  509  508  507  496  504  482  509  
13:41:21.321 -> 509  509  507  507  496  496  481  509  
13:41:21.422 -> 509  509  507  506  495  497  482  509  
13:41:21.522 -> 509  508  508  507  496  497  481  510  
13:41:21.623 -> 510  508  508  505  496  504  481  509  
13:41:21.724 -> 510  507  509  506  496  498  481  508  
13:41:21.825 -> 509  508  506  508  496  498  481  509  
13:41:21.926 -> 510  510  507  507  496  497  481  509  
13:41:22.061 -> 513  506  507  507  496  498  481  510  
13:41:22.162 -> 525  492  507  508  496  499  481  509  
13:41:22.264 -> 541  479  507  508  496  497  481  510  
13:41:22.366 -> 548  468  509  507  496  497  494  510  
13:41:22.468 -> 564  454  507  505  496  497  479  508  
13:41:22.569 -> 571  448  506  507  480  497  468  510  
13:41:22.670 -> 583  435  508  507  496  496  481  510  
13:41:22.771 -> 586  430  506  505  496  499  481  509  
13:41:22.872 -> 595  422  508  507  496  497  481  510  
13:41:22.973 -> 594  420  507  505  493  497  474  509  
13:41:23.074 -> 603  413  508  508  496  499  481  510  
13:41:23.173 -> 602  419  507  506  496  496  481  510  
13:41:23.275 -> 597  420  507  508  496  497  481  503  
13:41:23.376 -> 592  420  507  506  496  497  481  508  
13:41:23.476 -> 587  422  507  508  496  497  479  510  
13:41:23.576 -> 580  424  508  506  496  498  481  509  
13:41:23.679 -> 565  414  507  507  496  498  481  510  
13:41:23.780 -> 557  413  508  508  496  497  499  509  
13:41:23.881 -> 541  424  507  505  496  497  481  509  
13:41:23.984 -> 525  435  509  505  497  498  481  510  
13:41:24.087 -> 510  446  507  508  496  497  481  509  
13:41:24.189 -> 496  453  506  506  496  497  481  509  
13:41:24.289 -> 476  468  505  506  497  497  485  509  
13:41:24.391 -> 463  482  508  505  491  497  479  510  
13:41:24.493 -> 450  498  506  506  496  498  481  509  
13:41:24.594 -> 440  508  509  506  497  498  481  510  
13:41:24.695 -> 436  511  506  506  496  497  481  510  
13:41:24.796 -> 439  509  507  507  496  497  481  508  
13:41:24.896 -> 439  510  508  506  496  497  480  509  
13:41:24.998 -> 440  510  507  506  496  496  481  508  
13:41:25.100 -> 447  510  506  509  496  497  481  509  
13:41:25.201 -> 456  510  509  506  495  497  481  510  
13:41:25.302 -> 467  511  508  506  496  497  480  509  
13:41:25.403 -> 473  510  507  508  496  497  481  509  
13:41:25.503 -> 490  510  507  506  496  506  481  509  
13:41:25.604 -> 503  508  507  506  496  498  481  509  
13:41:25.707 -> 507  510  507  505  496  497  481  509  
13:41:25.840 -> 506  510  509  509  496  497  479  510  
13:41:25.942 -> 505  510  504  507  496  499  481  510  
13:41:26.044 -> 510  508  507  507  496  488  481  509  
13:41:26.145 -> 508  508  507  505  495  498  470  509  
13:41:26.247 -> 508  510  506  505  496  497  481  510  
13:41:26.348 -> 508  510  508  506  496  497  478  510  
13:41:26.447 -> 511  505  508  507  496  497  480  509  
13:41:26.549 -> 508  509  507  508  496  492  481  510  
13:41:26.650 -> 511  509  508  507  498  497  485  509  
13:41:26.751 -> 514  505  509  507  496  497  481  510  
13:41:26.853 -> 530  489  506  507  496  503  480  510  
13:41:26.954 -> 542  477  507  507  496  497  481  509  
13:41:27.056 -> 551  466  508  507  496  497  481  510  
13:41:27.157 -> 564  453  507  507  496  497  480  510  
13:41:27.257 -> 571  449  509  507  496  497  482  509  
13:41:27.359 -> 583  439  507  506  496  497  481  510  
13:41:27.461 -> 591  427  508  507  496  496  481  509  
13:41:27.562 -> 594  422  507  506  496  497  480  510  
13:41:27.663 -> 599  418  508  507  496  497  471  510  
13:41:27.764 -> 602  414  506  507  498  500  482  511  
13:41:27.867 -> 599  420  507  507  496  496  480  510  
13:41:27.967 -> 596  418  508  507  496  499  481  509  
13:41:28.070 -> 592  421  507  509  496  497  481  510  
13:41:28.169 -> 585  424  508  505  495  497  478  508  
13:41:28.271 -> 576  421  507  506  496  499  481  509  
13:41:28.374 -> 568  416  506  506  496  497  481  510  
13:41:28.475 -> 552  414  508  505  496  497  498  509  
13:41:28.575 -> 543  423  506  507  496  497  481  510  
13:41:28.676 -> 522  435  505  506  497  497  481  509  
13:41:28.777 -> 511  447  509  506  495  497  481  510  
13:41:28.878 -> 492  456  508  506  496  497  481  509  
13:41:28.979 -> 479  466  508  507  496  497  485  509  
13:41:29.082 -> 462  484  509  506  491  497  478  509  
13:41:29.183 -> 450  497  510  504  496  497  481  508  
13:41:29.319 -> 438  509  506  507  496  497  481  510  
13:41:29.421 -> 437  508  508  501  499  491  492  509  
13:41:29.522 -> 439  507  505  508  520  497  477  509  
13:41:29.623 -> 438  509  507  507  496  497  480  510  
13:41:29.726 -> 442  511  507  508  496  495  480  508  
13:41:29.828 -> 447  510  507  507  496  497  481  510  
13:41:29.930 -> 457  510  507  506  495  497  481  508  
13:41:30.031 -> 464  509  508  507  496  497  481  509  
13:41:30.131 -> 476  509  505  509  496  497  480  508  
13:41:30.234 -> 490  511  507  508  496  498  481  508  
13:41:30.335 -> 503  510  507  507  496  497  481  509  
13:41:30.435 -> 506  510  508  506  496  497  480  510  
13:41:30.536 -> 509  508  507  505  495  498  478  509  
13:41:30.638 -> 508  508  507  505  496  498  481  509  
13:41:30.739 -> 509  508  509  507  496  491  481  509  
13:41:30.839 -> 511  509  505  504  496  496  478  510  
13:41:30.941 -> 509  509  508  506  496  497  481  511  
13:41:31.043 -> 508  508  507  507  496  497  479  510  
13:41:31.143 -> 508  509  508  507  496  498  480  510  
13:41:31.244 -> 510  508  507  507  496  491  480  510  
13:41:31.347 -> 509  506  508  508  502  497  497  509  
13:41:31.448 -> 515  502  509  507  496  497  481  509  
13:41:31.548 -> 529  489  507  507  496  503  481  509  
13:41:31.650 -> 541  478  506  506  496  497  481  510  
13:41:31.753 -> 554  467  506  507  496  497  480  509  
13:41:31.855 -> 566  452  508  506  496  498  480  510  
13:41:31.956 -> 573  444  508  506  496  497  478  510  
13:41:32.056 -> 580  436  509  505  498  497  475  509  
13:41:32.158 -> 591  426  507  507  496  497  481  509  
13:41:32.261 -> 593  424  508  505  496  497  481  509  
13:41:32.363 -> 597  422  509  506  500  497  485  509  
13:41:32.465 -> 599  415  508  507  496  497  480  509  
13:41:32.566 -> 603  416  508  505  496  497  480  509  
13:41:32.666 -> 597  423  507  507  496  497  480  509  
13:41:32.768 -> 594  423  507  506  496  496  481  510  
13:41:32.868 -> 586  421  509  506  497  497  487  508  
13:41:32.969 -> 577  416  508  508  496  497  481  509  
13:41:33.069 -> 566  415  507  507  496  502  481  509  
13:41:33.169 -> 553  420  510  507  496  497  481  510  
13:41:33.271 -> 540  422  507  506  496  497  480  509  
13:41:33.406 -> 522  435  507  505  496  497  469  508  
13:41:33.508 -> 509  447  507  506  496  497  481  509  
13:41:33.609 -> 493  457  507  507  496  497  480  509  
13:41:33.710 -> 474  469  508  506  496  497  481  510  
13:41:33.812 -> 461  485  507  507  496  497  478  509  
13:41:33.912 -> 450  499  506  507  496  497  481  509  
13:41:34.013 -> 437  508  508  507  496  497  480  509  
13:41:34.114 -> 437  509  509  507  496  497  480  506  
13:41:34.214 -> 440  509  509  506  496  497  478  509  
13:41:34.316 -> 438  512  508  508  496  497  480  510  
13:41:34.416 -> 441  511  508  507  496  502  481  510  
13:41:34.518 -> 447  509  508  506  496  498  481  509  
13:41:34.620 -> 456  508  506  505  497  497  484  508  
13:41:34.722 -> 466  511  506  505  496  497  481  510  
13:41:34.822 -> 476  511  507  506  496  497  480  509  
13:41:34.922 -> 490  511  508  507  496  497  481  509  
13:41:35.023 -> 502  508  508  508  496  495  480  510  
13:41:35.125 -> 510  509  508  507  497  497  486  509  
13:41:35.225 -> 511  509  507  506  496  497  462  509  
13:41:35.328 -> 509  507  507  506  496  494  481  509  
13:41:35.429 -> 507  508  507  507  496  494  480  509  
13:41:35.530 -> 509  511  507  506  498  497  492  510  
13:41:35.631 -> 510  510  507  507  497  497  482  509  
13:41:35.732 -> 511  507  510  505  497  497  483  509  
13:41:35.834 -> 509  509  507  507  496  505  480  509  
13:41:35.934 -> 508  508  508  505  496  493  480  510  
13:41:36.035 -> 509  508  509  508  496  497  474  510  
13:41:36.135 -> 517  502  507  506  496  497  481  510  
13:41:36.236 -> 532  484  508  506  496  497  480  510  
13:41:36.369 -> 540  477  506  507  496  497  480  509  
13:41:36.471 -> 555  463  508  507  496  496  481  512  
13:41:36.573 -> 560  456  509  506  496  497  480  509  
13:41:36.674 -> 573  446  506  507  496  497  473  509  
13:41:36.775 -> 580  439  507  507  496  497  481  509  
13:41:36.876 -> 593  426  507  509  496  496  481  509  
13:41:36.978 -> 592  426  507  506  497  496  488  509  
13:41:37.080 -> 602  415  508  506  495  497  480  510  
13:41:37.180 -> 600  419  507  507  496  497  480  509  
13:41:37.282 -> 600  418  507  506  496  504  481  509  
13:41:37.383 -> 596  422  506  507  496  493  480  509  
13:41:37.483 -> 592  422  509  506  497  497  485  509  
13:41:37.585 -> 583  420  508  506  497  497  481  509  
13:41:37.686 -> 574  418  509  506  497  497  480  511  
13:41:37.787 -> 568  416  506  507  496  497  481  510  
13:41:37.888 -> 551  418  507  503  496  490  481  509  
13:41:37.990 -> 537  425  506  508  496  497  481  509  
13:41:38.093 -> 519  437  508  507  496  497  480  509  
13:41:38.193 -> 507  448  507  504  496  497  480  508  
13:41:38.293 -> 490  461  506  507  496  497  481  509  
13:41:38.395 -> 476  472  508  507  496  497  482  509  
13:41:38.496 -> 460  483  508  505  496  497  480  509  
13:41:38.597 -> 448  498  508  508  496  497  481  510  
13:41:38.698 -> 439  509  507  507  496  503  480  508  
13:41:38.800 -> 435  510  508  506  496  497  481  509  
13:41:38.902 -> 438  509  508  507  496  497  481  509  
13:41:39.006 -> 440  509  507  506  495  497  480  510  
13:41:39.107 -> 444  509  507  506  496  502  480  509  
13:41:39.208 -> 447  511  507  505  497  497  480  509  
13:41:39.312 -> 457  511  507  506  496  497  480  509  
13:41:39.414 -> 468  510  507  507  500  497  464  510  
13:41:39.517 -> 479  509  508  508  496  499  480  509  
13:41:39.620 -> 493  508  507  506  496  497  481  510  
13:41:39.723 -> 505  508  506  507  496  497  480  509  
13:41:39.825 -> 507  509  508  505  495  498  480  509  
13:41:39.926 -> 507  508  508  507  496  498  480  509  
13:41:40.026 -> 510  509  507  505  496  500  480  509  
13:41:40.129 -> 509  508  507  509  496  497  480  509  
13:41:40.232 -> 510  509  507  506  496  497  479  509  
13:41:40.335 -> 510  510  508  508  495  497  476  509  
13:41:40.436 -> 509  507  508  507  496  496  480  509  
13:41:40.537 -> 509  508  506  507  496  497  480  510  
13:41:40.636 -> 508  509  508  506  498  497  493  509  
13:41:40.737 -> 510  508  509  506  497  497  482  510  
13:41:40.837 -> 517  502  507  508  496  497  473  509  
13:41:40.939 -> 531  489  508  508  496  497  481  509  
13:41:41.075 -> 540  479  507  507  496  496  481  509  
13:41:41.144 -> 552  467  505  507  496  497  480  510  
13:41:41.278 -> 565  452  506  506  500  497  486  510  
13:41:41.379 -> 573  445  507  506  496  497  478  510  
13:41:41.481 -> 580  436  507  506  479  497  472  510  
13:41:41.582 -> 591  429  508  505  496  496  480  510  
13:41:41.684 -> 593  425  508  508  496  497  480  509  
13:41:41.784 -> 596  419  508  508  496  497  480  509  
13:41:41.886 -> 600  415  507  506  497  497  483  509  
13:41:41.987 -> 599  419  508  507  496  497  480  509  
13:41:42.088 -> 596  423  508  505  496  501  480  510  
13:41:42.189 -> 593  421  507  504  496  498  481  509  
13:41:42.290 -> 584  421  507  507  497  497  481  510  
13:41:42.391 -> 577  418  509  506  496  497  479  510  
13:41:42.492 -> 566  416  508  507  497  497  480  510  
13:41:42.592 -> 554  418  509  505  496  497  480  510  
13:41:42.694 -> 538  426  507  507  498  497  488  509  
13:41:42.794 -> 524  434  509  506  496  497  481  509  
13:41:42.896 -> 508  447  508  506  497  497  480  510  
13:41:42.998 -> 493  457  507  506  496  495  480  509  
13:41:43.100 -> 474  473  508  506  496  497  480  509  
13:41:43.201 -> 462  482  506  506  514  497  479  510  
13:41:43.302 -> 447  502  506  509  496  497  480  509  
13:41:43.405 -> 438  507  507  506  496  497  481  510  
13:41:43.508 -> 437  508  509  508  496  497  480  511  
13:41:43.610 -> 441  507  508  507  495  497  481  509  
13:41:43.711 -> 440  509  507  505  496  493  494  509  
13:41:43.812 -> 445  509  507  507  496  497  480  509  
13:41:43.913 -> 449  510  508  508  496  497  480  509  
13:41:44.013 -> 453  508  509  508  496  497  480  510  
13:41:44.116 -> 467  510  508  507  496  497  480  509  
13:41:44.219 -> 479  511  508  508  499  497  487  509  
13:41:44.319 -> 496  510  508  506  496  497  480  509  
13:41:44.421 -> 500  509  509  506  497  497  480  509  
13:41:44.521 -> 505  508  508  507  496  502  480  510  
13:41:44.624 -> 508  508  508  507  497  498  480  509  
13:41:44.724 -> 508  509  506  505  497  497  485  509  
13:41:44.825 -> 509  509  507  504  497  497  480  509  
13:41:44.958 -> 509  510  508  507  496  499  481  509  
13:41:45.026 -> 510  509  508  507  496  493  480  510  
13:41:45.160 -> 509  507  507  505  497  497  476  510  
13:41:45.261 -> 509  509  506  508  496  497  480  509  
13:41:45.364 -> 509  509  507  505  497  497  480  510  
13:41:45.464 -> 509  508  508  508  497  497  480  510  
13:41:45.564 -> 515  502  508  507  496  493  480  510  
13:41:45.666 -> 533  486  506  508  497  497  479  509  
13:41:45.767 -> 544  474  508  509  496  497  480  509  
13:41:45.869 -> 553  465  507  507  497  500  480  509  
13:41:45.970 -> 564  453  507  509  496  497  480  510  
13:41:46.069 -> 570  445  507  506  496  497  480  511  
13:41:46.171 -> 582  435  508  506  497  497  483  510  
13:41:46.272 -> 591  427  508  506  496  498  480  509  
13:41:46.374 -> 596  419  507  507  497  497  480  509  
13:41:46.475 -> 596  419  507  507  497  497  480  510  
13:41:46.578 -> 600  415  509  507  497  497  478  510  
13:41:46.679 -> 598  421  507  506  496  497  480  509  
13:41:46.781 -> 597  422  508  506  496  500  480  510  
13:41:46.884 -> 591  426  506  504  497  498  492  509  
13:41:46.988 -> 584  420  509  505  497  497  480  510  
13:41:47.089 -> 574  415  507  505  496  497  479  509  
13:41:47.190 -> 566  417  508  506  496  497  480  509  
13:41:47.291 -> 553  420  508  507  497  497  480  509  
13:41:47.394 -> 536  428  507  506  500  497  482  509  
13:41:47.495 -> 519  436  509  506  497  497  480  510  
13:41:47.597 -> 507  449  508  505  497  505  480  509  
13:41:47.698 -> 491  459  508  508  496  496  480  510  
13:41:47.799 -> 473  472  508  506  496  497  480  499  
13:41:47.902 -> 464  484  507  508  496  497  479  510  
13:41:48.002 -> 447  502  508  508  496  497  480  509  
13:41:48.103 -> 437  508  507  507  497  497  480  510  
13:41:48.203 -> 433  511  507  508  497  496  480  509  
13:41:48.304 -> 441  510  507  506  496  497  480  509  
13:41:48.404 -> 441  506  508  506  492  497  477  510  
13:41:48.503 -> 443  509  506  508  498  497  480  510  
13:41:48.638 -> 446  511  508  506  497  498  480  509  
13:41:48.739 -> 457  509  508  507  497  496  480  508  
13:41:48.840 -> 468  508  507  506  497  497  481  509  
13:41:48.940 -> 483  510  508  507  497  497  480  509  
13:41:49.043 -> 490  509  506  506  497  497  481  507  
13:41:49.142 -> 504  510  509  508  497  495  480  509  
13:41:49.243 -> 508  510  508  506  496  497  479  508  
13:41:49.347 -> 511  509  507  506  506  497  486  509  
13:41:49.448 -> 508  508  507  508  497  497  480  510  
13:41:49.550 -> 509  507  508  507  497  496  480  508  
13:41:49.651 -> 510  509  508  507  496  497  480  509  
13:41:49.753 -> 511  509  508  507  496  497  482  510  
13:41:49.854 -> 508  509  507  506  497  497  480  509  
13:41:49.956 -> 510  508  508  506  497  503  481  509  
13:41:50.058 -> 509  509  508  507  497  498  480  509  
13:41:50.162 -> 510  509  509  507  496  496  480  509  
13:41:50.262 -> 521  498  507  505  497  497  480  510  
13:41:50.362 -> 532  487  507  506  497  497  480  509  
13:41:50.463 -> 545  474  507  508  497  498  480  509  
13:41:50.565 -> 552  463  506  507  497  497  480  509  
13:41:50.666 -> 566  453  508  506  499  497  490  510  
13:41:50.767 -> 573  443  507  505  496  497  480  510  
13:41:50.868 -> 584  432  506  506  497  497  480  509  
13:41:50.969 -> 590  424  508  509  497  496  481  508  
13:41:51.070 -> 597  422  509  506  497  498  480  509  
13:41:51.173 -> 596  420  508  506  497  497  480  509  
13:41:51.274 -> 600  415  508  505  498  497  471  510  
13:41:51.375 -> 599  420  506  507  497  498  480  509  
13:41:51.476 -> 596  424  506  509  497  496  480  511  
13:41:51.577 -> 589  425  507  505  497  498  480  510  
13:41:51.679 -> 583  419  508  507  497  497  479  509  
13:41:51.779 -> 577  417  506  505  496  497  473  509  
13:41:51.882 -> 563  414  509  506  497  497  480  510  
13:41:51.983 -> 550  418  507  507  497  497  480  510  
13:41:52.084 -> 534  427  508  506  496  497  487  509  
13:41:52.185 -> 521  437  509  506  497  497  480  508  
13:41:52.320 -> 504  446  510  507  498  497  480  510  
13:41:52.424 -> 488  463  509  507  497  499  481  511  
13:41:52.492 -> 470  476  506  505  497  497  480  510  
13:41:52.594 -> 458  488  509  507  497  497  480  509  
13:41:52.696 -> 444  501  507  508  497  497  480  510  
13:41:52.796 -> 441  508  509  506  497  497  480  508  
13:41:52.900 -> 437  509  507  507  492  497  478  509  
13:41:53.033 -> 438  510  504  504  498  509  480  510  
13:41:53.134 -> 441  509  508  507  497  510  480  509  
13:41:53.235 -> 445  512  508  507  497  497  480  510  
13:41:53.335 -> 450  510  508  506  497  497  480  510  
13:41:53.436 -> 460  511  506  506  497  497  480  510  
13:41:53.536 -> 466  508  507  506  497  498  480  510  
13:41:53.638 -> 480  512  509  507  497  497  480  510  
13:41:53.739 -> 495  510  506  507  497  497  480  509  
13:41:53.840 -> 505  508  507  506  508  497  487  510  
13:41:53.941 -> 506  512  507  507  497  497  480  510  
13:41:54.041 -> 506  510  508  507  497  498  480  510  
13:41:54.143 -> 510  509  507  506  497  497  481  508  
13:41:54.244 -> 509  508  506  507  497  497  483  508  
13:41:54.345 -> 510  507  506  506  492  497  466  509  
13:41:54.447 -> 511  508  507  506  497  494  480  510  
13:41:54.549 -> 509  507  508  507  497  497  480  509  
13:41:54.651 -> 511  508  508  506  497  496  480  510  
13:41:54.752 -> 509  509  507  506  497  497  479  510  
13:41:54.854 -> 511  508  508  506  493  497  470  508  
13:41:54.955 -> 519  497  505  507  497  497  480  509  
13:41:55.057 -> 536  483  507  506  497  497  479  509  
13:41:55.158 -> 544  473  506  506  508  497  492  509  
13:41:55.259 -> 555  465  506  507  497  497  480  510  
13:41:55.360 -> 566  453  509  506  497  497  480  508  
13:41:55.460 -> 573  444  507  507  497  499  480  509  
13:41:55.560 -> 581  436  506  507  497  497  480  509  
13:41:55.661 -> 592  426  507  506  501  497  482  509  
13:41:55.762 -> 596  421  505  507  498  497  482  510  
13:41:55.897 -> 599  417  508  507  497  498  480  510  
13:41:55.997 -> 600  416  508  506  497  502  480  510  
13:41:56.098 -> 597  422  506  507  497  498  488  509  
13:41:56.199 -> 594  419  508  506  493  497  477  510  
13:41:56.302 -> 592  424  507  506  497  497  480  510  
13:41:56.405 -> 585  424  508  506  497  497  480  510  
13:41:56.507 -> 574  416  507  508  497  497  480  508  
13:41:56.608 -> 564  415  508  508  498  497  481  510  
13:41:56.707 -> 549  417  508  506  497  497  480  509  
13:41:56.809 -> 536  432  507  507  497  510  480  510  
13:41:56.909 -> 517  443  508  507  497  496  480  509  
13:41:57.011 -> 504  448  506  506  497  481  480  509  
13:41:57.112 -> 487  462  509  509  497  497  480  510  
13:41:57.214 -> 474  475  508  506  497  497  480  509  
13:41:57.314 -> 458  488  507  505  497  497  480  509  
13:41:57.416 -> 449  502  506  507  497  497  480  509  
13:41:57.517 -> 439  508  509  506  493  497  476  509  
13:41:57.620 -> 440  510  507  507  498  499  480  509  
13:41:57.720 -> 436  509  510  507  497  496  480  509  
13:41:57.820 -> 439  509  509  507  497  497  480  503  
13:41:57.921 -> 447  508  507  507  497  497  481  509  
13:41:58.022 -> 450  512  506  505  496  497  480  509  
13:41:58.124 -> 459  510  507  506  497  497  480  510  
13:41:58.226 -> 471  510  508  508  496  497  481  509  
13:41:58.327 -> 482  513  506  507  497  497  480  509  
13:41:58.427 -> 495  510  508  508  497  495  480  509  
13:41:58.528 -> 502  510  509  507  497  501  480  510  
13:41:58.629 -> 507  509  506  506  497  497  480  509  
13:41:58.731 -> 509  509  508  507  497  497  480  509  
13:41:58.832 -> 508  508  508  506  497  497  480  509  
13:41:58.934 -> 508  508  507  509  497  499  480  510  
13:41:59.035 -> 508  509  508  506  497  489  480  509  
13:41:59.136 -> 511  509  507  505  497  497  480  509  
13:41:59.270 -> 509  508  509  506  499  497  490  510  
13:41:59.372 -> 511  508  507  507  497  497  480  509  
13:41:59.474 -> 509  507  508  506  497  497  480  509  
13:41:59.575 -> 509  510  507  505  497  491  480  509  
13:41:59.677 -> 520  499  509  506  497  497  479  509  
13:41:59.779 -> 536  482  507  507  497  498  480  509  
13:41:59.882 -> 545  474  508  507  497  497  480  510  
13:41:59.950 -> 556  461  508  508  497  501  480  510  
13:42:00.086 -> 569  452  508  507  497  496  480  509  
13:42:00.185 -> 577  442  506  504  497  491  480  510  
13:42:00.286 -> 582  434  509  505  497  497  479  510  
13:42:00.387 -> 593  427  508  506  497  497  479  511  
13:42:00.489 -> 597  422  507  507  497  497  480  509  
13:42:00.591 -> 599  417  507  508  497  499  480  509  
13:42:00.690 -> 600  415  506  506  497  497  479  509  
13:42:00.793 -> 601  418  508  506  495  497  484  509  
13:42:00.895 -> 588  423  509  507  498  502  482  511  
13:42:00.996 -> 593  425  508  508  497  496  480  509  
13:42:01.095 -> 585  422  507  505  497  497  479  511  
13:42:01.196 -> 573  413  508  507  497  497  480  509  
13:42:01.296 -> 562  414  509  506  497  497  480  510  
13:42:01.397 -> 550  420  508  507  497  497  480  510  
13:42:01.500 -> 535  433  508  507  497  497  480  509  
13:42:01.603 -> 512  437  508  507  496  497  481  510  
13:42:01.704 -> 503  448  507  508  497  497  482  509  
13:42:01.804 -> 486  463  509  506  493  497  478  511  
13:42:01.905 -> 469  477  506  507  497  513  480  511  
13:42:02.007 -> 456  489  508  506  497  497  480  509  
13:42:02.107 -> 446  504  507  506  497  497  480  509  
13:42:02.209 -> 438  507  507  507  497  497  480  509  
13:42:02.311 -> 435  512  508  508  497  497  480  510  
13:42:02.412 -> 437  509  507  507  497  496  480  508  
13:42:02.513 -> 442  509  504  506  500  497  487  508  
13:42:02.614 -> 444  509  508  507  526  497  478  508  
13:42:02.717 -> 449  511  507  506  495  497  471  509  
13:42:02.816 -> 459  512  509  507  497  497  480  509  
13:42:02.918 -> 468  511  507  506  497  497  480  509  
13:42:03.019 -> 485  509  508  507  497  497  482  509  
13:42:03.153 -> 497  510  508  508  496  497  495  510  
13:42:03.255 -> 506  509  508  506  497  497  480  510  
13:42:03.357 -> 505  510  508  508  497  496  480  510  
13:42:03.458 -> 506  508  506  508  497  498  481  510  
13:42:03.561 -> 511  508  508  505  497  497  480  510  
13:42:03.662 -> 511  509  508  506  498  498  495  509  
13:42:03.763 -> 509  507  507  506  498  497  483  509  
13:42:03.864 -> 508  510  507  507  497  498  480  510  
13:42:03.964 -> 509  510  507  506  497  493  479  509  
13:42:04.066 -> 512  509  507  506  497  497  471  508  
13:42:04.167 -> 510  508  508  506  497  497  479  510  
13:42:04.270 -> 510  510  507  506  497  497  480  508  
13:42:04.371 -> 523  497  508  506  497  497  480  510  
13:42:04.473 -> 539  478  507  506  497  490  480  510  
13:42:04.575 -> 547  471  507  506  497  497  480  508  
13:42:04.677 -> 557  459  507  507  497  497  480  510  
13:42:04.777 -> 565  450  507  506  497  499  480  510  
13:42:04.877 -> 576  444  506  507  497  497  480  510  
13:42:04.978 -> 581  434  509  507  499  497  486  509  
13:42:05.079 -> 593  424  508  507  498  497  479  510  
13:42:05.180 -> 595  421  506  506  497  497  469  511  
13:42:05.282 -> 602  421  508  510  497  495  480  510  
13:42:05.382 -> 598  417  507  505  497  497  480  510  
13:42:05.485 -> 597  417  507  507  498  497  486  509  
13:42:05.586 -> 594  422  507  508  496  497  475  509  
13:42:05.688 -> 588  425  508  508  498  497  480  509  
13:42:05.788 -> 583  422  507  506  497  497  479  509  
13:42:05.889 -> 571  413  507  508  498  497  493  509  
13:42:05.991 -> 560  414  507  505  498  497  480  509  
13:42:06.092 -> 556  419  507  506  498  497  480  510  
13:42:06.192 -> 533  434  508  505  497  497  480  510  
13:42:06.294 -> 514  441  506  506  497  496  480  508  
13:42:06.396 -> 500  449  507  506  501  498  481  510  
13:42:06.498 -> 487  461  507  507  497  497  478  509  
13:42:06.602 -> 468  477  507  506  497  497  480  509  
13:42:06.703 -> 455  492  509  506  497  491  479  510  
13:42:06.836 -> 443  504  510  505  500  493  485  509  
13:42:06.936 -> 436  509  507  506  496  497  479  509  
13:42:07.039 -> 436  508  508  506  497  497  480  509  
13:42:07.140 -> 437  509  508  507  497  498  480  510  
13:42:07.242 -> 441  510  508  505  497  497  480  511  
13:42:07.343 -> 448  511  507  508  498  498  483  510  
13:42:07.446 -> 451  509  507  507  497  497  480  510  
13:42:07.547 -> 460  509  507  506  497  508  480  509  
13:42:07.647 -> 471  512  509  506  497  498  480  510  
13:42:07.747 -> 486  507  509  507  497  497  480  509  
13:42:07.848 -> 498  509  508  507  497  498  480  510  
13:42:07.950 -> 507  510  506  506  497  497  479  510  
13:42:08.051 -> 509  509  507  505  497  497  479  510  
13:42:08.153 -> 508  508  506  507  497  498  480  509  
13:42:08.254 -> 510  510  508  506  497  491  479  509  
13:42:08.354 -> 510  509  506  506  496  497  472  509  
13:42:08.455 -> 510  510  507  507  497  497  480  510  
13:42:08.557 -> 510  508  509  506  497  505  478  509  
13:42:08.656 -> 510  509  507  508  497  498  479  509  
13:42:08.757 -> 509  508  508  506  497  498  480  509  
13:42:08.860 -> 508  509  507  506  498  497  480  510  
13:42:08.963 -> 510  509  507  506  497  497  468  509  