14:31:39.395 -> 460  472  508  507  494  485  496  510  
14:31:39.497 -> 464  466  508  506  494  485  496  509  
14:31:39.596 -> 472  463  509  506  494  484  495  509  
14:31:39.697 -> 479  460  508  507  495  485  498  509  
14:31:39.797 -> 485  457  508  507  494  485  496  510  
14:31:39.898 -> 486  456  509  507  494  486  496  509  
14:31:40.032 -> 489  454  504  507  492  485  495  510  
14:31:40.132 -> 492  455  510  506  494  485  497  509  
14:31:40.232 -> 496  456  508  507  494  485  496  509  
14:31:40.333 -> 498  455  507  507  494  488  496  510  
14:31:40.433 -> 497  457  509  508  494  485  496  510  
14:31:40.533 -> 499  456  508  505  494  484  498  510  
14:31:40.634 -> 501  458  508  505  494  485  496  510  
14:31:40.736 -> 500  460  509  507  494  483  496  509  
14:31:40.836 -> 500  457  507  508  494  485  496  510  
14:31:40.938 -> 501  462  509  508  494  485  501  510  
14:31:41.039 -> 501  462  508  508  494  485  495  509  
14:31:41.142 -> 502  461  507  508  494  485  496  510  
14:31:41.244 -> 498  464  508  506  494  485  496  510  
14:31:41.345 -> 495  464  508  507  494  485  496  510  
14:31:41.446 -> 492  467  508  509  495  485  497  509  
14:31:41.546 -> 492  470  509  509  495  485  497  509  
14:31:41.647 -> 489  471  507  507  495  485  496  509  
14:31:41.748 -> 487  471  508  507  494  485  496  509  
14:31:41.852 -> 484  474  509  506  494  485  496  511  
14:31:41.953 -> 480  477  508  508  494  485  496  510  
14:31:42.055 -> 478  479  506  508  494  485  496  509  
14:31:42.157 -> 477  481  510  508  494  484  496  508  
14:31:42.256 -> 473  484  509  505  494  485  496  509  
14:31:42.360 -> 470  487  509  507  494  485  496  509  
14:31:42.461 -> 468  490  508  508  494  485  496  510  
14:31:42.562 -> 464  495  508  508  494  485  496  510  
14:31:42.663 -> 465  497  508  506  494  484  496  510  
14:31:42.767 -> 462  498  507  507  494  485  496  509  
14:31:42.867 -> 462  496  509  507  494  485  496  509  
14:31:42.969 -> 462  498  508  507  494  485  496  509  
14:31:43.069 -> 458  497  507  508  494  484  496  509  
14:31:43.204 -> 459  498  510  507  494  485  497  510  
14:31:43.305 -> 457  498  507  508  494  485  496  509  
14:31:43.407 -> 455  498  508  506  494  485  496  509  
14:31:43.511 -> 454  497  508  508  494  485  496  510  
14:31:43.579 -> 453  498  506  506  494  485  496  510  
14:31:43.682 -> 452  493  508  506  494  485  496  509  
14:31:43.816 -> 453  488  507  507  494  484  496  509  
14:31:43.884 -> 454  484  508  507  494  486  496  509  
14:31:44.017 -> 456  479  508  506  494  485  496  510  
14:31:44.120 -> 458  474  510  506  494  485  496  509  
14:31:44.223 -> 465  469  507  511  494  484  496  509  
14:31:44.325 -> 472  461  509  508  494  485  495  509  
14:31:44.425 -> 477  458  508  507  494  485  514  510  
14:31:44.527 -> 482  456  508  507  494  485  496  510  
14:31:44.628 -> 487  455  507  505  494  484  496  510  
14:31:44.728 -> 489  454  509  506  493  487  495  510  
14:31:44.830 -> 495  453  507  508  494  485  497  510  
14:31:44.929 -> 495  454  510  506  494  484  496  509  
14:31:45.030 -> 499  456  508  507  494  486  496  509  
14:31:45.131 -> 498  457  509  507  494  485  496  510  
14:31:45.232 -> 501  458  509  507  494  485  496  510  
14:31:45.332 -> 499  459  510  507  494  485  497  510  
14:31:45.433 -> 500  457  508  506  494  485  496  510  
14:31:45.534 -> 500  460  509  507  494  485  496  509  
14:31:45.636 -> 501  458  507  507  494  485  496  510  
14:31:45.739 -> 502  460  507  506  494  485  496  509  
14:31:45.839 -> 499  462  508  508  494  485  496  510  
14:31:45.942 -> 496  464  507  508  495  485  496  510  
14:31:46.044 -> 495  465  506  506  498  485  492  509  
14:31:46.144 -> 494  468  508  506  494  485  496  510  
14:31:46.244 -> 491  469  507  506  494  485  496  511  
14:31:46.345 -> 489  468  508  508  494  485  496  511  
14:31:46.445 -> 485  473  508  506  496  485  495  509  
14:31:46.546 -> 483  475  508  508  494  485  496  509  
14:31:46.646 -> 478  477  509  508  493  485  496  509  
14:31:46.746 -> 479  479  507  507  494  485  496  508  
14:31:46.848 -> 475  479  509  507  495  486  496  510  
14:31:46.983 -> 473  485  508  506  494  485  496  509  
14:31:47.084 -> 471  488  509  506  494  485  497  509  
14:31:47.185 -> 468  492  508  507  494  485  496  508  
14:31:47.286 -> 464  495  509  507  494  489  496  510  
14:31:47.387 -> 464  499  509  508  494  485  496  509  
14:31:47.490 -> 462  498  509  507  495  484  496  509  
14:31:47.593 -> 462  496  508  508  494  485  496  509  
14:31:47.694 -> 460  499  508  507  495  485  496  509  
14:31:47.795 -> 458  500  507  507  495  485  496  509  
14:31:47.896 -> 458  499  509  507  494  485  496  509  
14:31:48.000 -> 456  499  506  508  494  486  496  510  
14:31:48.101 -> 454  499  507  506  495  485  496  510  
14:31:48.202 -> 454  496  506  507  495  485  496  509  
14:31:48.304 -> 453  493  507  506  494  485  496  509  
14:31:48.406 -> 452  492  509  506  494  485  496  509  
14:31:48.509 -> 454  488  507  507  494  485  496  510  
14:31:48.609 -> 454  483  508  506  494  485  496  511  
14:31:48.709 -> 458  478  507  508  494  486  496  509  
14:31:48.812 -> 460  472  507  507  495  486  496  509  
14:31:48.912 -> 467  467  508  507  494  485  496  510  
14:31:49.013 -> 473  461  508  506  494  485  496  509  
14:31:49.113 -> 478  459  508  510  495  485  496  509  
14:31:49.216 -> 481  457  508  508  494  485  496  510  
14:31:49.316 -> 485  455  509  507  494  485  497  509  
14:31:49.417 -> 492  453  508  508  494  485  496  510  
14:31:49.518 -> 494  452  509  507  493  485  496  509  
14:31:49.621 -> 498  453  507  506  495  487  495  509  
14:31:49.721 -> 497  456  508  507  494  485  496  510  
14:31:49.822 -> 499  457  508  507  494  485  496  509  
14:31:49.922 -> 499  459  507  507  494  485  496  509  
14:31:50.023 -> 501  459  508  507  495  485  496  508  
14:31:50.123 -> 500  459  507  506  495  485  496  509  
14:31:50.226 -> 501  460  509  507  495  485  496  509  
14:31:50.327 -> 503  463  507  507  495  485  497  509  
14:31:50.428 -> 502  462  508  509  495  485  496  509  
14:31:50.563 -> 500  462  507  505  495  486  496  509  
14:31:50.664 -> 495  465  508  506  495  486  496  509  
14:31:50.766 -> 495  465  508  508  494  485  496  510  
14:31:50.867 -> 493  467  508  508  501  485  493  509  
14:31:50.969 -> 490  468  509  506  494  485  496  510  
14:31:51.069 -> 488  468  507  506  495  485  496  509  
14:31:51.169 -> 485  471  508  507  495  485  496  510  
14:31:51.271 -> 482  476  506  508  494  485  496  509  
14:31:51.373 -> 482  477  508  506  494  485  496  509  
14:31:51.474 -> 479  480  508  507  494  485  495  510  
14:31:51.574 -> 475  483  509  506  495  485  496  510  
14:31:51.675 -> 472  486  508  506  494  485  496  509  
14:31:51.776 -> 471  487  509  508  495  485  496  509  
14:31:51.876 -> 470  493  509  509  494  485  497  512  
14:31:51.976 -> 465  496  508  506  494  485  496  510  
14:31:52.077 -> 466  498  509  508  495  485  496  510  
14:31:52.179 -> 464  498  506  506  495  485  497  509  
14:31:52.280 -> 462  497  508  506  495  485  496  509  
14:31:52.381 -> 462  498  507  508  494  485  496  509  
14:31:52.481 -> 460  499  507  506  495  485  496  510  
14:31:52.583 -> 458  499  507  507  495  485  496  509  
14:31:52.686 -> 456  499  509  507  495  485  496  509  
14:31:52.788 -> 454  498  506  507  494  485  496  510  
14:31:52.888 -> 454  496  508  506  494  485  498  511  
14:31:52.989 -> 452  494  508  508  494  485  496  510  
14:31:53.090 -> 451  490  509  507  494  485  496  510  
14:31:53.192 -> 451  488  508  507  493  485  496  509  
14:31:53.294 -> 455  483  508  505  495  486  496  510  
14:31:53.394 -> 457  479  508  507  495  485  496  510  
14:31:53.495 -> 460  473  508  507  494  485  496  510  
14:31:53.597 -> 467  468  509  507  495  485  496  510  
14:31:53.699 -> 473  461  508  507  495  486  496  509  
14:31:53.799 -> 478  458  507  508  494  485  496  510  
14:31:53.934 -> 483  459  508  508  495  485  496  510  
14:31:54.037 -> 488  455  509  508  495  485  496  510  
14:31:54.138 -> 491  453  509  507  495  485  497  510  
14:31:54.239 -> 495  455  507  507  494  485  496  510  
14:31:54.343 -> 496  455  508  507  495  485  497  510  
14:31:54.443 -> 500  455  506  507  498  485  496  510  
14:31:54.543 -> 500  456  506  507  494  485  496  509  
14:31:54.646 -> 502  458  506  508  495  486  496  509  
14:31:54.745 -> 502  458  508  506  495  485  496  509  
14:31:54.847 -> 500  458  508  507  495  485  496  509  
14:31:54.947 -> 501  459  507  508  495  485  496  510  
14:31:55.047 -> 502  460  508  507  495  485  496  509  
14:31:55.148 -> 503  461  508  507  494  485  496  510  
14:31:55.249 -> 499  462  508  507  495  485  496  509  
14:31:55.350 -> 495  464  509  506  495  485  496  509  
14:31:55.450 -> 492  465  508  507  494  485  496  510  
14:31:55.551 -> 491  467  509  507  493  485  497  509  
14:31:55.654 -> 492  469  509  506  495  485  496  509  
14:31:55.756 -> 487  471  507  505  494  485  496  509  
14:31:55.856 -> 486  472  507  507  495  487  496  509  
14:31:55.959 -> 485  475  510  506  495  484  496  507  
14:31:56.059 -> 479  477  507  508  495  485  496  510  
14:31:56.159 -> 480  479  509  507  495  485  496  509  
14:31:56.260 -> 474  481  509  507  495  486  496  509  
14:31:56.362 -> 472  487  507  505  495  485  496  509  
14:31:56.463 -> 471  489  508  506  494  485  496  510  
14:31:56.563 -> 467  492  508  507  495  485  496  509  
14:31:56.665 -> 466  495  507  508  495  485  496  509  
14:31:56.765 -> 466  498  509  507  495  485  496  510  
14:31:56.867 -> 464  498  507  507  495  485  497  509  
14:31:56.970 -> 463  496  508  506  495  485  496  508  
14:31:57.072 -> 462  499  508  508  495  485  496  510  
14:31:57.206 -> 459  499  507  507  495  485  496  510  
14:31:57.306 -> 458  498  506  509  495  485  496  509  
14:31:57.408 -> 454  498  509  508  495  486  496  509  
14:31:57.509 -> 455  499  509  506  494  485  496  508  
14:31:57.610 -> 451  495  505  506  494  485  496  509  
14:31:57.710 -> 453  494  507  507  495  485  496  511  
14:31:57.812 -> 453  492  507  505  495  485  496  509  
14:31:57.913 -> 452  489  507  506  495  485  496  510  
14:31:58.014 -> 456  482  505  507  494  485  496  509  
14:31:58.113 -> 458  478  506  506  495  485  497  510  
14:31:58.214 -> 459  472  508  507  494  485  498  510  
14:31:58.314 -> 470  466  506  507  495  485  496  509  
14:31:58.416 -> 473  461  509  507  494  484  496  509  
14:31:58.516 -> 481  459  508  509  495  485  496  510  
14:31:58.619 -> 483  457  509  506  495  485  496  510  
14:31:58.719 -> 490  454  509  507  495  485  496  510  
14:31:58.822 -> 491  453  507  506  495  485  496  510  
14:31:58.924 -> 493  454  509  506  495  485  496  509  
14:31:59.025 -> 496  455  507  506  495  485  496  509  
14:31:59.126 -> 499  456  508  507  494  485  496  509  
14:31:59.226 -> 505  456  508  508  494  485  496  509  
14:31:59.328 -> 501  457  507  507  495  485  496  510  
14:31:59.430 -> 501  458  508  507  495  485  496  511  
14:31:59.530 -> 500  458  507  506  495  485  497  509  
14:31:59.633 -> 500  459  509  509  495  485  496  510  
14:31:59.736 -> 502  462  510  507  495  485  496  510  
14:31:59.836 -> 503  461  509  505  495  485  496  509  
14:31:59.938 -> 501  462  509  507  495  485  495  510  
14:32:00.040 -> 497  465  507  508  494  485  496  509  
14:32:00.141 -> 493  467  509  506  495  485  496  510  
14:32:00.243 -> 492  466  507  505  495  485  496  510  
14:32:00.345 -> 491  472  509  506  495  483  496  509  
14:32:00.480 -> 488  469  510  506  495  485  496  509  
14:32:00.583 -> 484  471  508  508  495  485  496  509  
14:32:00.684 -> 482  475  508  507  495  485  496  510  
14:32:00.784 -> 479  478  510  507  494  486  496  509  
14:32:00.852 -> 478  481  507  507  495  485  496  510  
14:32:00.987 -> 475  482  508  507  495  486  496  510  
14:32:01.087 -> 473  486  508  507  495  486  496  509  
14:32:01.189 -> 472  489  507  506  495  485  496  510  
14:32:01.290 -> 468  493  508  506  494  485  495  509  
14:32:01.392 -> 466  497  507  507  495  485  496  509  
14:32:01.493 -> 466  497  508  507  495  485  496  510  
14:32:01.594 -> 463  495  508  509  495  485  496  509  
14:32:01.694 -> 461  497  509  507  495  484  496  509  
14:32:01.796 -> 459  498  507  507  495  485  496  510  
14:32:01.896 -> 459  498  507  509  495  486  496  510  
14:32:01.999 -> 458  499  507  507  495  485  496  510  
14:32:02.099 -> 457  499  509  508  495  486  496  508  
14:32:02.199 -> 455  499  508  507  495  485  496  510  
14:32:02.302 -> 453  496  509  507  494  485  497  509  
14:32:02.402 -> 452  494  508  505  494  485  497  509  
14:32:02.502 -> 452  490  508  506  495  485  496  509  
14:32:02.606 -> 454  487  508  506  495  485  496  510  
14:32:02.707 -> 457  481  508  507  495  485  496  510  
14:32:02.808 -> 459  475  508  507  495  485  495  509  
14:32:02.909 -> 461  471  508  507  494  485  497  509  
14:32:03.009 -> 472  464  507  506  495  485  496  509  
14:32:03.109 -> 472  460  509  507  495  485  496  509  
14:32:03.210 -> 479  458  506  509  493  485  495  509  
14:32:03.311 -> 485  456  507  507  495  485  496  510  
14:32:03.412 -> 489  455  505  507  495  485  496  510  
14:32:03.513 -> 493  454  506  505  495  485  496  510  
14:32:03.614 -> 497  453  508  508  495  485  495  510  
14:32:03.715 -> 496  456  508  507  498  485  495  510  
14:32:03.818 -> 498  457  509  507  494  485  495  509  
14:32:03.921 -> 500  458  508  505  495  479  496  511  
14:32:04.022 -> 501  458  508  508  495  485  496  510  
14:32:04.156 -> 501  458  509  507  495  485  496  510  
14:32:04.256 -> 500  459  508  507  495  485  495  509  
14:32:04.356 -> 501  461  509  507  495  485  496  509  
14:32:04.457 -> 501  462  509  507  495  485  496  509  
14:32:04.558 -> 502  463  506  509  495  485  496  510  
14:32:04.659 -> 499  461  508  507  495  485  496  509  
14:32:04.762 -> 497  464  507  508  494  485  496  510  
14:32:04.862 -> 495  465  508  506  495  481  496  510  
14:32:04.965 -> 490  467  508  507  495  485  496  508  
14:32:05.066 -> 490  470  508  507  495  485  495  509  
14:32:05.166 -> 486  471  507  507  494  485  495  509  
14:32:05.266 -> 484  472  509  506  495  486  496  510  
14:32:05.366 -> 482  476  507  506  495  485  496  510  
14:32:05.468 -> 480  477  509  507  495  485  496  510  
14:32:05.571 -> 478  481  507  506  495  485  496  509  
14:32:05.671 -> 473  484  506  508  495  485  496  510  
14:32:05.772 -> 471  486  509  505  494  485  496  510  
14:32:05.875 -> 469  489  510  507  494  485  496  509  
14:32:05.976 -> 468  493  507  505  495  482  496  511  
14:32:06.076 -> 466  497  508  506  495  485  496  509  
14:32:06.177 -> 464  497  508  507  495  486  496  509  
14:32:06.279 -> 460  497  509  507  495  485  496  510  
14:32:06.380 -> 463  497  508  508  495  485  496  510  
14:32:06.480 -> 460  499  508  506  495  485  496  509  
14:32:06.581 -> 458  500  507  508  495  485  496  509  
14:32:06.682 -> 457  499  507  507  494  485  496  510  
14:32:06.784 -> 455  498  510  507  495  485  496  510  
14:32:06.918 -> 455  497  508  505  495  485  496  509  
14:32:07.019 -> 452  496  509  507  495  485  496  509  
14:32:07.119 -> 452  494  510  507  495  485  496  510  
14:32:07.220 -> 451  491  507  505  495  485  496  509  
14:32:07.322 -> 453  487  507  506  495  485  496  509  
14:32:07.423 -> 454  482  509  506  495  486  495  509  
14:32:07.524 -> 458  476  507  506  495  485  496  509  
14:32:07.627 -> 463  471  507  505  495  485  495  510  
14:32:07.728 -> 471  466  508  508  494  485  495  510  
14:32:07.829 -> 473  462  507  506  495  485  495  509  
14:32:07.932 -> 483  458  507  507  495  487  496  510  
14:32:08.033 -> 486  456  508  507  495  485  496  509  
14:32:08.134 -> 490  455  507  507  495  485  496  511  
14:32:08.237 -> 492  455  509  506  499  486  495  510  
14:32:08.337 -> 494  453  507  507  495  485  496  510  
14:32:08.441 -> 496  455  508  507  495  485  496  510  
14:32:08.542 -> 499  456  507  502  495  480  496  510  
14:32:08.644 -> 499  456  510  506  495  485  496  509  
14:32:08.745 -> 500  458  509  507  495  485  495  511  
14:32:08.847 -> 500  460  507  506  495  485  495  509  
14:32:08.946 -> 501  460  505  507  495  485  496  510  
14:32:09.047 -> 502  460  509  507  495  485  495  510  
14:32:09.149 -> 503  461  508  508  495  485  496  510  
14:32:09.250 -> 501  462  509  507  495  485  496  509  
14:32:09.351 -> 499  464  509  506  495  485  496  509  
14:32:09.453 -> 496  466  507  507  495  485  495  509  
14:32:09.554 -> 493  464  509  507  495  485  495  509  
14:32:09.654 -> 492  468  509  506  495  485  496  509  
14:32:09.754 -> 490  468  509  507  495  485  496  509  
14:32:09.856 -> 489  471  509  507  499  485  494  509  
14:32:09.957 -> 485  473  508  504  494  485  495  509  
14:32:10.058 -> 481  477  505  507  495  485  496  510  
14:32:10.159 -> 479  479  508  508  495  486  496  510  
14:32:10.294 -> 476  480  508  507  495  485  496  509  
14:32:10.396 -> 474  482  508  508  495  485  497  509  
14:32:10.497 -> 471  486  508  506  495  485  495  509  
14:32:10.598 -> 470  490  509  499  495  481  496  511  
14:32:10.699 -> 468  493  509  507  495  485  495  509  
14:32:10.800 -> 464  497  509  506  495  485  496  510  
14:32:10.901 -> 462  500  510  508  495  485  496  509  
14:32:11.004 -> 461  497  509  507  495  485  495  510  
14:32:11.105 -> 462  497  506  506  495  485  496  510  
14:32:11.206 -> 459  499  508  507  495  485  496  511  
14:32:11.307 -> 457  500  509  507  495  485  496  509  
14:32:11.407 -> 458  500  508  507  495  486  496  509  
14:32:11.510 -> 455  497  507  506  495  485  495  510  
14:32:11.611 -> 454  499  508  506  495  485  496  510  
14:32:11.711 -> 453  496  509  506  495  485  495  510  
14:32:11.813 -> 453  495  510  507  495  485  495  510  
14:32:11.914 -> 452  489  510  508  495  485  495  510  
14:32:12.015 -> 453  486  506  508  495  485  495  509  
14:32:12.115 -> 456  481  508  506  495  485  495  510  
14:32:12.216 -> 459  476  508  508  495  485  496  509  
14:32:12.317 -> 462  470  507  507  495  485  495  509  
14:32:12.417 -> 470  465  510  506  494  485  495  510  
14:32:12.518 -> 476  462  507  505  495  485  496  509  
14:32:12.620 -> 482  459  507  506  495  485  495  510  
14:32:12.722 -> 486  454  507  505  495  485  495  509  
14:32:12.823 -> 489  455  508  508  494  485  495  509  
14:32:12.924 -> 495  452  510  507  495  486  495  509  
14:32:13.026 -> 496  456  508  507  495  485  495  510  
14:32:13.126 -> 498  454  509  507  493  485  495  510  
14:32:13.228 -> 500  458  508  510  495  485  495  509  
14:32:13.331 -> 500  455  509  507  495  485  495  510  
14:32:13.432 -> 499  458  509  507  495  485  496  509  
14:32:13.534 -> 502  458  508  507  495  485  496  508  
14:32:13.635 -> 499  458  508  507  495  485  495  510  
14:32:13.735 -> 503  461  507  510  495  485  495  509  
14:32:13.837 -> 504  461  508  508  495  485  496  509  
14:32:13.938 -> 500  462  509  506  495  485  496  510  
14:32:14.073 -> 498  461  510  507  495  485  495  509  
14:32:14.174 -> 495  464  508  506  495  486  496  509  
14:32:14.276 -> 492  466  508  507  495  485  495  506  
14:32:14.377 -> 492  467  509  508  495  485  495  510  
14:32:14.478 -> 489  470  507  507  495  485  495  509  
14:32:14.579 -> 488  472  510  507  495  485  495  510  
14:32:14.681 -> 485  472  508  506  495  485  495  510  
14:32:14.782 -> 482  476  508  508  495  485  495  510  
14:32:14.884 -> 479  478  508  507  495  485  495  510  
14:32:14.985 -> 478  482  509  505  494  485  496  510  
14:32:15.085 -> 475  484  508  507  495  485  495  510  
14:32:15.189 -> 472  485  507  508  495  485  495  509  
14:32:15.290 -> 471  490  508  506  495  483  495  510  
14:32:15.391 -> 467  493  509  506  495  485  495  510  
14:32:15.493 -> 465  496  508  507  495  485  495  509  
14:32:15.593 -> 463  498  511  507  495  485  495  509  
14:32:15.695 -> 461  498  509  507  495  485  495  510  
14:32:15.796 -> 462  499  508  507  495  485  496  509  
14:32:15.898 -> 460  500  507  507  495  485  495  510  
14:32:15.999 -> 459  500  507  507  495  485  495  509  
14:32:16.102 -> 456  498  508  507  494  485  495  509  
14:32:16.204 -> 457  500  506  507  495  485  495  509  
14:32:16.306 -> 455  496  509  507  495  485  495  510  
14:32:16.407 -> 453  496  507  505  495  485  496  511  
14:32:16.510 -> 450  494  507  506  495  485  495  509  
14:32:16.612 -> 452  490  509  506  495  486  495  509  
14:32:16.714 -> 455  485  508  507  495  485  495  510  
14:32:16.814 -> 456  481  509  506  495  485  495  509  
14:32:16.915 -> 459  475  509  506  495  485  495  509  
14:32:17.017 -> 464  471  507  507  495  485  496  510  
14:32:17.117 -> 471  464  509  507  494  485  495  509  
14:32:17.218 -> 477  461  508  506  495  486  495  510  
14:32:17.321 -> 483  456  509  507  495  485  495  506  
14:32:17.421 -> 485  457  508  507  495  485  495  509  
14:32:17.524 -> 490  455  509  507  494  485  495  509  
14:32:17.626 -> 493  453  508  508  495  485  496  509  
14:32:17.726 -> 496  454  508  507  495  485  498  510  
14:32:17.829 -> 499  456  508  506  494  485  495  510  
14:32:17.929 -> 500  456  508  507  495  486  495  510  
14:32:18.031 -> 503  458  509  507  495  485  495  509  
14:32:18.132 -> 501  458  509  505  495  485  495  510  
14:32:18.232 -> 499  459  510  507  495  485  496  509  
14:32:18.333 -> 502  460  509  506  495  485  495  510  
14:32:18.468 -> 501  462  508  507  495  485  495  509  
14:32:18.570 -> 502  461  509  506  495  485  495  509  
14:32:18.672 -> 500  462  509  507  495  486  496  509  
14:32:18.774 -> 498  460  509  507  495  485  495  509  
14:32:18.875 -> 494  464  503  509  490  485  495  509  
14:32:18.977 -> 494  469  509  506  495  485  495  509  
14:32:19.078 -> 491  469  510  506  495  486  495  506  
14:32:19.180 -> 488  469  508  506  495  485  496  510  
14:32:19.283 -> 487  470  508  506  494  486  495  509  
14:32:19.384 -> 484  472  507  508  495  485  496  509  
14:32:19.484 -> 480  477  510  507  494  485  495  508  
14:32:19.587 -> 481  479  509  506  495  485  495  509  
14:32:19.689 -> 477  481  508  507  495  485  495  509  
14:32:19.792 -> 472  483  508  507  495  486  496  509  
14:32:19.896 -> 472  486  508  507  495  486  496  509  
14:32:19.996 -> 470  491  509  506  495  485  495  509  
14:32:20.097 -> 466  495  510  507  493  485  495  510  
14:32:20.198 -> 465  496  509  508  495  485  495  510  
14:32:20.298 -> 461  498  508  508  495  486  495  510  
14:32:20.399 -> 463  496  508  506  495  485  496  508  
14:32:20.500 -> 462  497  507  507  495  485  496  510  
14:32:20.602 -> 458  500  508  509  495  485  495  509  
14:32:20.704 -> 457  498  508  508  495  485  495  510  
14:32:20.806 -> 457  498  507  506  495  486  495  508  
14:32:20.905 -> 456  498  509  506  495  485  495  509  
14:32:21.005 -> 453  498  508  505  494  486  496  510  
14:32:21.107 -> 454  496  507  505  494  485  495  510  
14:32:21.209 -> 453  491  508  507  495  486  496  509  
14:32:21.311 -> 453  489  509  507  495  486  495  509  
14:32:21.411 -> 455  485  507  506  495  486  495  510  