13:45:24.126 -> 413  546  509  507  498  496  477  512  
13:45:24.227 -> 432  540  507  507  498  479  478  510  
13:45:24.328 -> 406  577  509  506  498  496  477  509  
13:45:24.430 -> 422  567  506  506  499  497  478  509  
13:45:24.531 -> 395  609  508  507  498  505  477  509  
13:45:24.632 -> 401  606  506  507  498  496  477  510  
13:45:24.732 -> 389  629  509  507  498  496  478  510  
13:45:24.833 -> 404  617  508  507  498  496  477  509  
13:45:24.935 -> 397  619  507  505  498  496  475  510  
13:45:25.036 -> 408  608  507  507  498  497  478  510  
13:45:25.136 -> 408  609  507  506  498  497  477  510  
13:45:25.236 -> 416  604  507  506  497  496  475  509  
13:45:25.339 -> 426  595  508  507  497  496  476  509  
13:45:25.440 -> 429  588  509  506  498  496  477  510  
13:45:25.542 -> 446  571  507  509  498  501  477  506  
13:45:25.643 -> 449  570  508  507  498  497  477  510  
13:45:25.743 -> 475  545  508  507  498  496  478  509  
13:45:25.844 -> 477  543  507  507  498  496  478  510  
13:45:25.946 -> 503  514  508  506  498  508  476  510  
13:45:26.047 -> 509  508  507  506  498  496  477  509  
13:45:26.151 -> 539  479  506  506  498  492  477  510  
13:45:26.252 -> 543  475  505  508  498  495  476  509  
13:45:26.353 -> 563  455  508  508  498  496  477  509  
13:45:26.454 -> 569  448  507  508  498  501  477  509  
13:45:26.557 -> 581  437  506  507  498  494  477  509  
13:45:26.659 -> 589  426  508  506  498  483  477  507  
13:45:26.761 -> 595  423  507  508  497  497  474  509  
13:45:26.863 -> 607  411  507  508  499  496  479  509  
13:45:26.963 -> 601  416  508  508  498  496  477  510  
13:45:27.097 -> 617  402  507  506  498  486  477  511  
13:45:27.197 -> 603  422  506  506  498  497  482  509  
13:45:27.297 -> 616  399  494  506  493  496  474  509  
13:45:27.398 -> 598  419  508  507  498  496  477  509  
13:45:27.500 -> 604  406  508  505  498  499  477  509  
13:45:27.602 -> 580  426  507  507  498  496  477  509  
13:45:27.705 -> 573  398  507  507  502  496  477  510  
13:45:27.805 -> 559  418  508  506  498  496  477  510  
13:45:27.904 -> 544  407  506  504  499  496  477  510  
13:45:28.006 -> 533  436  507  505  498  496  477  509  
13:45:28.107 -> 506  434  508  506  498  497  477  511  
13:45:28.208 -> 506  451  508  507  498  496  477  509  
13:45:28.309 -> 474  459  507  509  498  496  478  509  
13:45:28.409 -> 480  472  508  507  499  510  477  509  
13:45:28.511 -> 440  500  509  504  498  497  477  509  
13:45:28.612 -> 454  500  508  507  498  496  477  510  
13:45:28.713 -> 420  535  508  505  498  496  477  509  
13:45:28.815 -> 440  522  508  506  493  496  475  510  
13:45:28.917 -> 405  565  507  506  498  497  477  509  
13:45:29.018 -> 425  555  509  504  498  490  477  509  
13:45:29.119 -> 402  595  507  505  498  496  477  508  
13:45:29.222 -> 410  590  508  507  498  497  477  508  
13:45:29.322 -> 390  625  507  507  498  496  477  509  
13:45:29.424 -> 399  613  508  505  498  508  477  509  
13:45:29.526 -> 387  630  507  505  498  497  477  509  
13:45:29.628 -> 409  611  508  506  498  496  478  510  
13:45:29.729 -> 408  613  508  507  498  496  477  509  
13:45:29.829 -> 412  607  508  508  498  496  474  509  
13:45:29.930 -> 416  600  508  506  498  496  478  509  
13:45:30.030 -> 421  595  508  508  498  499  477  509  
13:45:30.166 -> 437  582  508  508  498  495  479  509  
13:45:30.266 -> 438  582  508  507  498  496  477  510  
13:45:30.367 -> 461  557  508  505  498  496  477  510  
13:45:30.467 -> 463  555  507  508  498  497  477  508  
13:45:30.569 -> 489  530  509  505  498  497  478  510  
13:45:30.670 -> 494  524  508  506  498  497  476  510  
13:45:30.773 -> 523  495  506  507  498  496  475  510  
13:45:30.873 -> 528  490  508  507  497  496  471  509  
13:45:30.974 -> 553  464  509  507  498  497  477  509  
13:45:31.076 -> 559  458  507  509  498  496  477  509  
13:45:31.178 -> 571  444  500  507  496  496  481  509  
13:45:31.280 -> 582  434  507  507  498  497  478  509  
13:45:31.380 -> 588  429  509  507  499  502  477  511  
13:45:31.481 -> 601  418  508  506  498  500  477  509  
13:45:31.583 -> 594  422  507  508  498  496  477  510  
13:45:31.685 -> 615  402  505  504  497  497  477  510  
13:45:31.787 -> 600  415  506  506  500  496  479  509  
13:45:31.890 -> 623  397  506  508  498  498  478  509  
13:45:31.993 -> 598  421  508  504  498  496  477  507  
13:45:32.094 -> 614  402  508  507  498  497  478  511  
13:45:32.196 -> 586  424  506  507  498  496  478  509  
13:45:32.297 -> 592  397  508  506  496  497  467  509  
13:45:32.399 -> 579  427  508  506  498  502  477  509  
13:45:32.501 -> 561  397  509  507  498  496  477  510  
13:45:32.601 -> 554  425  508  506  498  496  478  511  
13:45:32.701 -> 520  415  507  505  498  496  477  510  
13:45:32.801 -> 530  443  507  505  497  497  477  511  
13:45:32.903 -> 482  442  506  504  498  496  477  509  
13:45:33.003 -> 506  455  508  507  498  496  477  508  
13:45:33.105 -> 449  477  508  508  497  496  478  510  
13:45:33.206 -> 477  476  506  507  498  496  477  510  
13:45:33.308 -> 420  525  508  507  498  496  477  511  
13:45:33.407 -> 457  501  505  505  498  502  477  503  
13:45:33.508 -> 401  557  508  506  498  496  477  509  
13:45:33.642 -> 441  529  507  506  498  497  477  509  
13:45:33.743 -> 396  590  509  506  496  496  477  509  
13:45:33.843 -> 425  562  506  506  498  496  476  511  
13:45:33.944 -> 384  623  506  507  498  497  477  510  
13:45:34.046 -> 405  595  507  510  498  487  477  510  
13:45:34.148 -> 385  636  507  507  498  497  477  510  
13:45:34.250 -> 401  613  506  507  498  501  477  509  
13:45:34.352 -> 396  618  508  508  498  497  477  510  
13:45:34.453 -> 411  610  509  507  498  497  477  510  
13:45:34.555 -> 410  610  509  507  498  496  477  509  
13:45:34.657 -> 418  603  508  506  498  496  485  509  
13:45:34.757 -> 426  590  507  507  498  497  478  510  
13:45:34.857 -> 427  590  507  506  498  494  477  509  
13:45:34.956 -> 451  567  507  506  498  497  476  509  
13:45:35.056 -> 450  572  508  507  498  496  477  510  
13:45:35.155 -> 476  540  508  506  498  496  478  510  
13:45:35.256 -> 478  539  507  505  498  496  477  510  
13:45:35.356 -> 508  511  507  507  498  496  477  511  
13:45:35.456 -> 512  507  508  506  498  496  475  509  
13:45:35.559 -> 541  476  507  506  498  497  477  509  
13:45:35.660 -> 545  473  505  507  498  496  477  510  
13:45:35.763 -> 568  451  508  507  498  490  478  510  
13:45:35.867 -> 573  447  508  507  498  496  477  510  
13:45:35.969 -> 582  438  506  506  498  496  478  509  
13:45:36.070 -> 594  423  507  507  498  498  477  509  
13:45:36.174 -> 593  426  508  508  498  494  477  510  
13:45:36.275 -> 608  409  506  505  498  497  476  512  
13:45:36.376 -> 598  414  501  507  493  496  478  509  
13:45:36.477 -> 617  398  508  507  498  496  475  509  
13:45:36.579 -> 603  418  507  507  498  497  477  509  
13:45:36.680 -> 614  397  506  507  500  496  482  509  
13:45:36.784 -> 593  422  506  505  497  497  472  510  
13:45:36.886 -> 603  402  508  505  498  497  448  510  
13:45:36.989 -> 581  430  507  507  497  496  477  510  
13:45:37.091 -> 575  398  508  509  498  496  477  516  
13:45:37.192 -> 567  421  508  507  500  496  481  510  
13:45:37.293 -> 535  403  507  507  498  496  477  510  
13:45:37.394 -> 540  436  507  506  498  496  477  509  
13:45:37.496 -> 502  431  509  508  498  485  477  508  
13:45:37.595 -> 509  450  508  506  498  496  477  509  
13:45:37.730 -> 468  459  507  507  493  496  474  508  
13:45:37.833 -> 486  469  508  507  498  497  477  510  
13:45:37.933 -> 434  502  506  506  498  493  477  509  
13:45:38.033 -> 462  496  507  509  501  486  490  510  
13:45:38.133 -> 410  538  507  507  501  496  471  509  
13:45:38.235 -> 444  521  508  505  498  496  477  510  
13:45:38.335 -> 399  573  508  505  498  496  477  510  
13:45:38.437 -> 431  547  507  507  498  496  477  509  
13:45:38.538 -> 399  603  506  506  498  496  480  510  
13:45:38.638 -> 412  584  507  507  533  496  464  510  
13:45:38.740 -> 387  631  508  506  498  496  469  509  
13:45:38.842 -> 403  612  506  508  498  497  478  507  
13:45:38.945 -> 390  632  508  505  498  496  477  509  
13:45:39.045 -> 410  610  507  506  497  496  477  509  
13:45:39.145 -> 404  612  508  506  498  509  478  509  
13:45:39.247 -> 411  605  507  507  498  488  477  508  
13:45:39.349 -> 418  601  506  507  498  496  477  509  
13:45:39.451 -> 424  598  508  507  497  496  482  510  
13:45:39.553 -> 438  581  508  507  497  496  478  510  
13:45:39.655 -> 438  579  505  507  498  497  478  510  
13:45:39.756 -> 464  555  507  507  498  496  477  509  
13:45:39.859 -> 465  554  507  508  498  496  477  509  
13:45:39.961 -> 493  526  506  507  498  496  477  510  
13:45:40.061 -> 497  520  508  506  491  496  465  509  
13:45:40.164 -> 528  493  508  507  498  497  477  509  
13:45:40.264 -> 529  488  507  508  498  496  477  510  
13:45:40.365 -> 558  462  508  507  498  496  477  509  
13:45:40.467 -> 560  458  506  508  498  496  477  509  
13:45:40.568 -> 576  441  507  506  493  496  471  509  
13:45:40.669 -> 585  435  507  508  497  496  478  509  
13:45:40.771 -> 591  427  507  506  498  496  477  509  
13:45:40.872 -> 598  418  508  506  500  496  482  510  
13:45:40.975 -> 598  419  508  506  498  496  477  510  
13:45:41.076 -> 614  401  507  507  498  497  477  509  
13:45:41.176 -> 605  416  508  507  497  497  477  512  
13:45:41.278 -> 619  398  508  506  498  497  478  509  
13:45:41.380 -> 597  418  508  507  498  497  476  510  
13:45:41.480 -> 608  405  507  506  492  496  478  509  
13:45:41.582 -> 590  428  505  506  497  496  482  509  
13:45:41.683 -> 585  403  507  507  498  497  477  509  
13:45:41.786 -> 570  423  507  506  498  495  477  509  
13:45:41.919 -> 551  399  508  508  498  497  478  509  
13:45:42.023 -> 548  426  507  506  498  497  477  509  
13:45:42.092 -> 517  425  506  506  497  496  477  510  
13:45:42.227 -> 520  448  508  506  498  496  477  506  
13:45:42.328 -> 482  447  506  506  498  497  477  510  
13:45:42.429 -> 496  460  508  506  501  496  478  510  
13:45:42.529 -> 450  482  507  507  494  497  474  509  
13:45:42.630 -> 471  483  508  505  497  496  478  510  
13:45:42.731 -> 421  525  507  504  498  497  477  509  
13:45:42.833 -> 452  507  506  505  497  497  477  512  
13:45:42.934 -> 404  558  509  505  498  496  478  509  
13:45:43.035 -> 440  534  508  507  498  496  477  509  
13:45:43.135 -> 395  592  508  505  497  497  478  510  
13:45:43.236 -> 419  564  507  508  498  498  477  510  
13:45:43.338 -> 394  620  508  505  497  496  477  509  
13:45:43.437 -> 404  601  507  506  497  496  470  510  
13:45:43.538 -> 384  633  508  506  498  497  477  510  
13:45:43.640 -> 404  613  508  506  498  496  477  510  
13:45:43.741 -> 398  621  507  507  497  497  476  508  
13:45:43.841 -> 410  609  506  509  492  496  477  509  
13:45:43.942 -> 411  605  508  507  498  496  465  509  
13:45:44.044 -> 414  602  507  507  498  497  477  509  
13:45:44.143 -> 430  586  506  506  498  498  476  510  
13:45:44.246 -> 428  592  509  507  498  496  478  510  
13:45:44.347 -> 456  564  507  507  498  496  480  509  
13:45:44.447 -> 449  569  507  508  492  509  475  509  
13:45:44.547 -> 482  538  507  505  498  497  477  508  
13:45:44.679 -> 476  538  508  507  498  496  479  509  
13:45:44.780 -> 512  507  506  506  498  496  478  510  
13:45:44.882 -> 512  507  507  506  498  496  477  510  
13:45:44.982 -> 546  474  506  507  498  496  477  508  
13:45:45.083 -> 547  469  508  506  498  495  477  509  
13:45:45.185 -> 562  453  507  508  498  497  477  508  
13:45:45.286 -> 570  446  508  506  498  496  477  509  
13:45:45.387 -> 582  436  509  506  498  514  477  506  
13:45:45.488 -> 593  425  508  505  497  498  477  509  
13:45:45.590 -> 592  435  508  506  499  496  489  509  
13:45:45.691 -> 610  406  506  507  497  497  477  510  
13:45:45.795 -> 600  416  507  506  498  496  476  509  
13:45:45.898 -> 619  400  507  506  498  496  477  510  
13:45:46.001 -> 600  418  507  506  498  490  477  509  
13:45:46.103 -> 616  397  506  507  499  497  480  510  
13:45:46.204 -> 591  425  506  507  494  496  475  509  
13:45:46.306 -> 603  402  508  507  498  496  477  509  
13:45:46.408 -> 580  429  507  506  498  497  477  510  
13:45:46.511 -> 571  402  507  506  498  496  477  509  
13:45:46.614 -> 556  421  507  507  501  496  496  509  
13:45:46.715 -> 533  408  508  506  498  496  477  510  
13:45:46.817 -> 522  440  510  507  498  496  477  509  
13:45:46.920 -> 501  438  507  506  498  496  477  509  
13:45:47.022 -> 503  456  508  507  498  495  477  509  
13:45:47.123 -> 471  464  505  508  498  496  477  509  
13:45:47.224 -> 474  479  509  508  498  496  477  509  
13:45:47.326 -> 436  504  507  507  497  509  477  509  
13:45:47.426 -> 450  501  508  507  498  497  477  509  
13:45:47.527 -> 416  537  507  504  498  496  478  509  
13:45:47.629 -> 439  527  507  506  498  497  478  510  
13:45:47.730 -> 410  564  507  507  495  497  477  509  
13:45:47.829 -> 423  563  507  506  498  502  477  510  
13:45:47.931 -> 401  596  508  506  498  496  477  509  
13:45:48.033 -> 408  597  507  506  498  496  477  509  
13:45:48.135 -> 392  627  507  505  498  496  477  510  
13:45:48.236 -> 401  617  508  507  498  497  477  509  
13:45:48.338 -> 396  619  508  507  498  510  477  511  
13:45:48.439 -> 406  610  508  506  498  494  478  510  
13:45:48.542 -> 405  612  508  506  498  478  477  510  
13:45:48.643 -> 414  605  508  508  498  497  485  509  
13:45:48.744 -> 420  596  508  506  498  502  477  510  
13:45:48.845 -> 427  592  507  508  498  492  477  509  
13:45:48.946 -> 438  581  509  506  497  497  476  509  
13:45:49.048 -> 448  572  508  507  498  496  477  509  
13:45:49.150 -> 461  556  508  507  498  496  477  509  
13:45:49.252 -> 474  545  505  506  498  497  477  508  
13:45:49.352 -> 492  528  509  506  498  493  478  509  
13:45:49.453 -> 505  514  509  506  498  497  478  510  
13:45:49.556 -> 524  497  507  507  498  496  479  509  
13:45:49.688 -> 542  477  507  507  497  497  476  509  
13:45:49.790 -> 559  459  507  507  498  496  477  509  
13:45:49.892 -> 568  449  506  506  498  496  477  511  
13:45:49.994 -> 582  438  505  507  497  496  475  510  
13:45:50.094 -> 588  428  509  505  498  496  476  509  
13:45:50.193 -> 593  424  507  506  498  500  477  510  
13:45:50.294 -> 604  416  506  505  498  497  477  509  
13:45:50.395 -> 606  411  508  505  498  496  477  510  
13:45:50.495 -> 611  405  506  505  498  497  477  509  
13:45:50.598 -> 611  406  507  506  499  497  482  509  
13:45:50.696 -> 615  406  508  506  498  498  477  509  
13:45:50.799 -> 605  411  505  508  498  492  477  512  
13:45:50.900 -> 604  410  508  507  498  480  477  513  
13:45:51.002 -> 587  416  506  504  498  496  477  509  
13:45:51.103 -> 580  408  507  508  498  496  470  509  
13:45:51.205 -> 565  416  508  507  498  500  477  510  
13:45:51.306 -> 550  411  508  506  498  497  477  509  
13:45:51.407 -> 540  424  506  505  498  497  477  510  
13:45:51.507 -> 516  425  506  507  498  496  477  509  
13:45:51.607 -> 511  447  508  508  497  496  476  509  
13:45:51.708 -> 485  453  507  505  498  497  477  509  
13:45:51.808 -> 484  471  509  505  498  497  477  510  
13:45:51.910 -> 452  486  507  505  497  496  477  510  
13:45:52.010 -> 464  492  506  506  498  496  477  508  
13:45:52.110 -> 423  528  507  507  498  496  477  509  
13:45:52.244 -> 445  514  509  505  498  504  477  510  
13:45:52.346 -> 407  558  506  508  498  496  477  510  
13:45:52.447 -> 432  544  508  507  498  497  477  509  
13:45:52.547 -> 402  586  509  507  496  497  477  509  
13:45:52.648 -> 420  573  508  507  498  497  477  509  
13:45:52.751 -> 385  623  508  507  498  497  477  509  
13:45:52.852 -> 405  604  507  506  498  479  478  508  
13:45:52.953 -> 387  634  508  507  497  497  477  509  
13:45:53.055 -> 406  613  508  507  498  497  477  509  
13:45:53.157 -> 400  617  506  508  498  508  478  510  
13:45:53.258 -> 413  599  507  507  498  495  477  510  
13:45:53.359 -> 412  609  508  509  498  496  477  509  
13:45:53.459 -> 418  599  508  506  498  497  480  509  
13:45:53.559 -> 431  585  508  505  498  497  478  510  
13:45:53.660 -> 432  588  507  507  498  496  477  509  
13:45:53.761 -> 454  567  507  503  497  496  476  510  
13:45:53.861 -> 459  564  507  507  498  496  477  509  
13:45:53.961 -> 480  539  507  506  498  496  477  509  
13:45:54.062 -> 487  534  506  507  498  497  477  510  
13:45:54.163 -> 512  506  508  507  498  497  477  509  
13:45:54.265 -> 522  497  507  506  498  497  474  510  
13:45:54.368 -> 546  472  506  507  498  497  478  508  
13:45:54.468 -> 555  466  508  507  497  497  476  509  
13:45:54.569 -> 571  448  508  508  498  491  476  510  
13:45:54.669 -> 575  440  508  506  498  497  477  510  
13:45:54.769 -> 582  433  507  508  498  497  478  509  
13:45:54.872 -> 598  420  507  507  498  497  477  509  
13:45:54.974 -> 600  418  507  506  498  492  477  508  
13:45:55.076 -> 607  409  507  506  498  492  489  509  
13:45:55.210 -> 604  408  507  506  495  497  478  509  
13:45:55.312 -> 616  401  509  505  498  496  476  509  
13:45:55.413 -> 607  414  506  507  498  497  477  510  
13:45:55.524 -> 615  402  506  506  498  497  477  510  
13:45:55.590 -> 593  421  509  505  498  497  478  509  
13:45:55.691 -> 591  407  508  507  501  496  471  509  
13:45:55.826 -> 575  421  506  505  497  497  460  509  
13:45:55.927 -> 565  405  508  505  498  497  477  509  
13:45:56.029 -> 556  423  507  506  498  497  477  510  
13:45:56.132 -> 531  410  506  507  502  496  485  510  
13:45:56.232 -> 527  438  509  505  498  496  477  510  
13:45:56.302 -> 498  438  508  507  499  497  478  509  
13:45:56.404 -> 498  458  508  508  498  497  477  509  
13:45:56.537 -> 468  468  507  507  498  497  477  510  
13:45:56.639 -> 479  474  506  507  498  497  477  510  
13:45:56.740 -> 428  509  509  507  496  496  477  509  
13:45:56.842 -> 459  499  507  507  498  497  477  510  
13:45:56.942 -> 409  548  507  508  498  496  477  510  
13:45:57.041 -> 440  526  509  506  498  497  477  510  
13:45:57.143 -> 404  577  506  506  498  497  478  509  
13:45:57.244 -> 428  549  507  506  497  497  471  508  
13:45:57.347 -> 389  610  507  508  498  497  477  509  
13:45:57.449 -> 406  588  508  506  498  497  477  510  
13:45:57.551 -> 424  598  509  507  498  497  477  509  
13:45:57.653 -> 405  614  508  508  498  497  477  509  
13:45:57.753 -> 395  623  508  505  496  497  468  508  
13:45:57.854 -> 406  608  507  507  498  497  477  509  
13:45:57.956 -> 405  612  509  508  498  497  477  510  
13:45:58.056 -> 412  606  507  504  497  496  476  509  
13:45:58.157 -> 428  595  507  506  497  497  475  508  
13:45:58.259 -> 421  595  507  508  498  496  477  509  
13:45:58.362 -> 447  571  506  507  498  502  477  514  
13:45:58.464 -> 442  577  507  505  498  497  477  510  
13:45:58.566 -> 474  549  506  506  498  496  477  510  
13:45:58.665 -> 467  551  507  508  498  497  478  509  
13:45:58.766 -> 501  518  508  506  498  506  476  509  
13:45:58.867 -> 500  518  508  507  498  497  476  509  
13:45:58.969 -> 533  486  507  505  498  496  478  509  
13:45:59.069 -> 534  484  508  505  498  496  477  509  
13:45:59.170 -> 562  457  507  505  498  498  477  510  
13:45:59.274 -> 563  457  509  506  498  497  477  509  
13:45:59.374 -> 573  443  509  505  498  497  484  509  
13:45:59.476 -> 585  431  506  507  498  497  480  509  
13:45:59.579 -> 587  430  506  505  498  496  478  510  
13:45:59.679 -> 605  414  508  507  498  492  478  511  
13:45:59.780 -> 598  421  507  507  498  497  476  509  
13:45:59.883 -> 615  401  507  505  498  497  476  510  
13:45:59.983 -> 600  416  508  506  498  497  477  510  
13:46:00.116 -> 622  396  506  506  498  496  443  511  
13:46:00.217 -> 598  425  506  505  498  497  477  515  
13:46:00.319 -> 611  405  509  506  498  497  476  510  
13:46:00.419 -> 585  427  508  506  499  497  484  509  
13:46:00.520 -> 580  401  507  506  498  497  477  508  
13:46:00.620 -> 570  421  507  508  498  502  477  511  
13:46:00.721 -> 548  407  508  508  498  497  477  509  
13:46:00.822 -> 542  431  507  503  498  494  477  509  
13:46:00.923 -> 512  423  508  505  498  497  477  509  
13:46:01.024 -> 513  450  508  507  498  497  477  509  
13:46:01.124 -> 481  455  507  507  498  497  477  510  
13:46:01.226 -> 484  472  505  506  498  496  477  511  
13:46:01.326 -> 447  489  509  506  498  480  491  508  
13:46:01.427 -> 461  493  506  506  498  496  477  509  
13:46:01.528 -> 422  527  507  506  498  497  477  509  
13:46:01.629 -> 446  516  508  506  497  497  476  510  
13:46:01.730 -> 406  561  509  506  498  497  477  509  
13:46:01.830 -> 428  548  508  507  498  497  477  509  
13:46:01.930 -> 405  593  506  508  498  495  477  509  
13:46:02.031 -> 417  581  508  509  498  497  476  509  
13:46:02.134 -> 392  618  507  507  495  497  476  509  
13:46:02.234 -> 399  608  509  507  498  498  477  510  
13:46:02.335 -> 389  626  507  507  498  497  477  509  
13:46:02.471 -> 405  616  508  507  498  497  477  509  
13:46:02.572 -> 413  615  508  506  499  497  479  510  
13:46:02.672 -> 410  605  507  506  498  497  477  509  
13:46:02.775 -> 415  604  508  507  498  500  477  510  
13:46:02.879 -> 422  599  506  506  498  496  476  509  
13:46:02.980 -> 431  587  506  507  495  497  462  509  
13:46:03.081 -> 437  581  507  507  498  498  477  510  
13:46:03.183 -> 454  562  510  507  498  497  477  509  
13:46:03.286 -> 459  560  507  508  498  497  477  509  
13:46:03.386 -> 482  537  511  507  500  497  482  509  
13:46:03.487 -> 489  529  507  506  498  497  469  509  
13:46:03.588 -> 515  503  506  508  498  496  477  510  
13:46:03.690 -> 523  493  509  507  498  496  477  510  
13:46:03.792 -> 549  468  505  506  498  495  477  510  
13:46:03.893 -> 556  461  507  506  498  496  476  510  
13:46:03.996 -> 571  444  508  507  498  497  477  508  
13:46:04.097 -> 579  441  507  506  498  497  477  511  
13:46:04.198 -> 586  431  508  507  498  498  477  509  
13:46:04.301 -> 598  419  508  509  500  497  487  509  
13:46:04.403 -> 597  419  509  508  498  496  479  509  
13:46:04.505 -> 611  406  508  506  498  496  476  510  
13:46:04.605 -> 605  413  507  507  498  497  477  510  
13:46:04.706 -> 616  400  509  507  498  498  476  510  
13:46:04.808 -> 597  417  505  505  499  497  476  509  
13:46:04.909 -> 615  399  508  507  497  497  469  509  
13:46:05.009 -> 592  425  508  507  498  496  443  510  
13:46:05.109 -> 595  404  509  508  498  497  476  509  
13:46:05.212 -> 576  424  506  507  498  496  477  510  
13:46:05.313 -> 564  394  508  506  501  497  481  509  
13:46:05.415 -> 560  424  508  507  498  497  477  509  
13:46:05.516 -> 528  415  509  506  498  497  477  509  
13:46:05.618 -> 530  444  507  506  498  497  477  509  
13:46:05.719 -> 493  438  505  507  498  497  477  510  
13:46:05.819 -> 506  454  508  506  502  497  478  509  
13:46:05.923 -> 460  470  507  506  498  497  478  509  
13:46:06.026 -> 483  472  507  507  498  497  476  510  
13:46:06.128 -> 424  514  508  507  498  497  477  509  
13:46:06.228 -> 461  497  506  507  498  497  477  510  
13:46:06.328 -> 407  547  507  506  501  497  482  509  
13:46:06.429 -> 444  524  506  507  498  497  477  510  
13:46:06.530 -> 397  581  510  508  498  497  476  510  
13:46:06.632 -> 427  551  508  505  498  498  477  510  
13:46:06.734 -> 394  616  508  507  498  496  477  509  
13:46:06.835 -> 408  590  508  507  498  496  477  509  
13:46:06.935 -> 382  633  508  506  498  497  465  510  
13:46:07.037 -> 402  612  507  506  498  497  477  510  
13:46:07.171 -> 396  623  509  506  498  497  477  509  
13:46:07.272 -> 412  609  508  505  503  497  490  509  
13:46:07.373 -> 409  612  508  507  530  496  467  509  
13:46:07.475 -> 413  605  506  507  498  497  478  509  
13:46:07.577 -> 423  593  508  507  498  501  477  509  
13:46:07.677 -> 426  593  508  505  498  498  477  509  
13:46:07.778 -> 446  574  507  508  498  497  477  509  
13:46:07.880 -> 445  576  507  505  498  497  477  509  
13:46:07.981 -> 471  544  507  507  498  497  460  509  
13:46:08.080 -> 474  544  508  508  498  497  476  510  
13:46:08.182 -> 501  518  508  507  498  494  477  509  
13:46:08.283 -> 505  512  509  506  498  496  493  510  
13:46:08.385 -> 535  483  509  507  498  496  478  509  
13:46:08.487 -> 540  479  506  504  498  497  477  510  
13:46:08.586 -> 567  453  507  507  498  497  477  509  
13:46:08.688 -> 567  451  507  507  498  495  477  503  
13:46:08.791 -> 582  438  508  505  497  497  473  509  
13:46:08.892 -> 588  431  507  507  498  497  476  510  
13:46:08.993 -> 594  424  508  508  498  497  477  509  
13:46:09.094 -> 602  415  507  506  498  497  477  510  
13:46:09.196 -> 604  412  507  507  498  497  477  510  
13:46:09.297 -> 612  402  507  507  498  497  490  509  
13:46:09.398 -> 606  411  506  507  498  497  479  510  
13:46:09.502 -> 619  401  507  508  498  496  477  509  
13:46:09.602 -> 600  419  507  509  498  501  477  509  
13:46:09.704 -> 605  411  507  503  498  500  488  510  
13:46:09.806 -> 582  419  509  505  498  497  477  509  
13:46:09.907 -> 578  406  509  505  497  497  474  510  
13:46:10.008 -> 565  415  507  508  498  497  477  510  
13:46:10.111 -> 544  411  508  506  498  497  477  509  
13:46:10.212 -> 537  426  509  506  498  497  477  509  
13:46:10.314 -> 517  430  507  505  498  497  484  509  
13:46:10.418 -> 504  448  507  508  498  497  476  509  
13:46:10.519 -> 483  457  507  506  498  497  477  509  
13:46:10.620 -> 475  475  506  506  498  496  477  510  
13:46:10.722 -> 451  489  508  507  498  497  477  509  
13:46:10.823 -> 451  499  507  507  498  497  476  509  
13:46:10.925 -> 430  522  508  507  498  497  476  509  
13:46:11.026 -> 430  531  508  507  498  502  477  513  
13:46:11.128 -> 417  551  508  507  498  496  477  509  
13:46:11.229 -> 425  556  507  505  498  497  477  510  
13:46:11.331 -> 409  581  508  506  495  497  476  510  
13:46:11.433 -> 410  587  508  505  498  497  476  509  
13:46:11.534 -> 394  613  506  507  498  497  477  510  
13:46:11.635 -> 396  617  508  508  498  497  477  505  
13:46:11.770 -> 394  626  509  507  498  497  477  509  
13:46:11.870 -> 406  615  507  506  498  497  477  508  
13:46:11.970 -> 403  613  506  506  498  508  477  510  
13:46:12.072 -> 408  606  507  507  498  504  477  510  
13:46:12.172 -> 414  604  505  506  498  496  477  510  
13:46:12.272 -> 423  598  507  508  499  497  480  510  
13:46:12.373 -> 431  588  508  506  498  497  485  509  
13:46:12.474 -> 437  581  509  507  498  498  478  509  
13:46:12.576 -> 455  564  507  505  498  497  477  510  
13:46:12.676 -> 462  557  507  506  498  496  476  512  
13:46:12.778 -> 484  536  508  507  498  497  477  509  
13:46:12.878 -> 492  528  508  505  494  497  470  509  
13:46:12.980 -> 516  501  507  507  498  497  477  510  
13:46:13.080 -> 525  493  509  506  498  497  476  510  
13:46:13.183 -> 551  468  509  505  498  497  477  510  
13:46:13.285 -> 556  462  506  507  498  497  477  509  
13:46:13.387 -> 572  447  509  508  491  496  472  510  
13:46:13.486 -> 581  439  506  507  498  496  477  509  
13:46:13.587 -> 587  429  507  508  498  497  476  510  
13:46:13.687 -> 596  422  510  506  498  496  482  509  
13:46:13.787 -> 599  414  508  506  498  497  477  510  
13:46:13.886 -> 610  406  508  508  498  497  477  508  
13:46:13.987 -> 606  413  506  508  498  497  477  510  
13:46:14.122 -> 617  400  507  507  498  497  476  510  
13:46:14.224 -> 599  413  508  507  499  496  479  510  
13:46:14.325 -> 615  402  508  507  497  497  476  509  
13:46:14.426 -> 592  424  508  507  498  497  436  509  
13:46:14.526 -> 595  407  507  508  498  497  476  510  
13:46:14.627 -> 572  424  507  507  498  497  477  507  
13:46:14.728 -> 562  397  507  508  497  497  494  510  
13:46:14.828 -> 551  420  507  507  498  497  476  510  
13:46:14.929 -> 528  417  506  508  498  497  477  509  
13:46:15.030 -> 524  443  509  505  498  497  476  510  
13:46:15.133 -> 492  439  507  507  498  496  476  509  
13:46:15.235 -> 498  456  507  507  498  496  488  510  
13:46:15.335 -> 462  471  507  505  498  497  476  509  
13:46:15.437 -> 481  484  505  507  499  499  477  508  
13:46:15.539 -> 429  514  508  508  498  498  477  509  
13:46:15.640 -> 451  507  508  506  498  496  476  510  
13:46:15.740 -> 411  545  507  507  498  497  476  509  
13:46:15.840 -> 436  531  505  506  498  497  476  507  
13:46:15.940 -> 404  576  508  507  498  496  476  509  
13:46:16.039 -> 419  566  507  507  498  496  476  509  
13:46:16.141 -> 398  606  509  508  498  496  503  510  
13:46:16.241 -> 402  600  507  506  499  497  459  510  
13:46:16.342 -> 384  631  508  508  498  497  476  509  
13:46:16.444 -> 400  615  508  505  498  497  476  509  
13:46:16.547 -> 398  621  508  508  498  496  481  509  
13:46:16.647 -> 410  609  507  506  494  496  476  509  
13:46:16.747 -> 405  612  506  506  500  497  478  509  
13:46:16.881 -> 415  602  506  506  498  497  476  509  
13:46:16.983 -> 423  597  508  506  498  497  476  510  
13:46:17.085 -> 429  591  507  506  498  496  476  509  
13:46:17.187 -> 446  577  506  507  495  496  469  508  
13:46:17.287 -> 448  569  508  507  498  497  477  509  
13:46:17.388 -> 470  548  507  505  498  497  476  510  
13:46:17.489 -> 475  543  508  506  498  497  476  509  
13:46:17.591 -> 502  518  507  506  498  497  477  509  
13:46:17.694 -> 507  512  508  507  498  497  478  508  
13:46:17.794 -> 536  483  507  507  498  496  477  509  
13:46:17.895 -> 541  475  507  507  498  497  476  508  
13:46:17.995 -> 563  453  507  507  498  497  476  509  
13:46:18.095 -> 567  449  507  506  498  496  476  510  
13:46:18.197 -> 579  438  508  506  500  497  472  509  
13:46:18.299 -> 588  429  508  506  498  496  477  509  
13:46:18.400 -> 596  424  507  507  498  496  476  509  
13:46:18.501 -> 607  413  508  507  501  496  481  509  
13:46:18.604 -> 602  413  508  506  498  497  476  509  
13:46:18.706 -> 617  400  508  508  498  497  476  509  
13:46:18.806 -> 606  414  508  507  498  504  476  508  
13:46:18.908 -> 619  399  508  506  498  497  476  509  
13:46:19.011 -> 593  421  508  506  498  497  476  509  
13:46:19.112 -> 606  401  506  507  501  496  477  509  
13:46:19.216 -> 585  428  507  507  499  497  478  511  
13:46:19.319 -> 581  401  508  506  498  497  476  511  
13:46:19.419 -> 567  421  507  506  498  490  476  510  
13:46:19.521 -> 543  399  506  507  498  497  477  509  
13:46:19.622 -> 539  433  508  507  498  497  476  509  
13:46:19.722 -> 506  430  507  507  498  507  476  509  
13:46:19.824 -> 512  452  507  505  498  487  477  511  
13:46:19.924 -> 472  454  508  506  498  497  477  499  
13:46:20.026 -> 489  466  508  505  499  497  477  510  
13:46:20.127 -> 438  492  510  506  494  497  475  509  
13:46:20.228 -> 466  488  506  508  498  497  476  509  
13:46:20.329 -> 411  534  507  507  498  497  477  510  
13:46:20.429 -> 451  513  507  506  498  484  493  509  
13:46:20.531 -> 401  568  508  505  498  497  477  508  
13:46:20.635 -> 432  543  506  505  498  497  476  509  
13:46:20.770 -> 391  601  508  505  498  503  476  512  
13:46:20.873 -> 414  574  507  506  498  497  477  510  
13:46:20.974 -> 384  633  507  507  498  497  497  509  
13:46:21.074 -> 409  610  508  506  498  497  476  510  
13:46:21.142 -> 385  632  506  507  493  496  482  509  
13:46:21.245 -> 406  609  507  505  498  497  476  509  
13:46:21.379 -> 401  617  507  506  498  496  476  509  
13:46:21.481 -> 412  607  507  506  497  496  475  509  
13:46:21.584 -> 414  605  508  507  492  497  476  510  
13:46:21.685 -> 420  599  508  506  498  497  457  512  
13:46:21.786 -> 433  584  506  508  498  498  476  506  
13:46:21.887 -> 436  583  507  506  498  496  476  509  
13:46:21.987 -> 462  558  508  505  498  497  476  510  
13:46:22.089 -> 459  558  509  507  498  497  476  509  
13:46:22.190 -> 489  529  508  506  498  503  476  509  
13:46:22.292 -> 490  527  507  507  498  499  476  508  
13:46:22.392 -> 520  496  507  506  498  498  476  509  
13:46:22.493 -> 526  493  507  507  499  497  475  510  
13:46:22.594 -> 555  463  506  507  498  497  476  510  
13:46:22.695 -> 555  462  508  507  498  504  476  511  
13:46:22.797 -> 576  443  509  506  498  495  476  510  
13:46:22.899 -> 580  436  508  509  498  496  477  510  
13:46:22.999 -> 587  428  508  509  498  496  477  508  
13:46:23.100 -> 600  417  509  508  499  496  472  509  
13:46:23.202 -> 600  418  508  506  498  496  476  511  
13:46:23.302 -> 613  407  509  506  498  493  477  509  
13:46:23.403 -> 603  413  508  507  499  490  488  511  
13:46:23.505 -> 615  399  508  506  502  496  467  508  
13:46:23.607 -> 601  414  506  508  498  497  480  511  
13:46:23.709 -> 614  402  508  507  498  497  476  510  
13:46:23.812 -> 590  428  508  506  498  496  477  509  
13:46:23.912 -> 590  402  508  505  500  497  484  510  
13:46:24.015 -> 572  424  507  507  498  497  470  510  
13:46:24.117 -> 560  400  509  506  495  497  473  510  
13:46:24.218 -> 554  426  507  507  498  497  477  509  
13:46:24.320 -> 520  419  507  507  498  497  476  508  
13:46:24.422 -> 524  441  508  505  498  497  477  510  
13:46:24.523 -> 487  439  508  504  499  496  477  509  
13:46:24.624 -> 494  461  508  505  492  497  470  509  
13:46:24.726 -> 456  477  510  506  498  496  476  509  
13:46:24.827 -> 474  479  507  506  498  497  476  509  
13:46:24.928 -> 424  516  508  507  498  496  476  510  
13:46:25.030 -> 455  503  509  506  493  497  472  510  
13:46:25.133 -> 403  552  506  506  499  500  477  509  
13:46:25.235 -> 437  531  509  508  498  489  476  510  
13:46:25.338 -> 397  586  507  508  498  496  477  509  
13:46:25.441 -> 425  561  507  507  498  497  477  508  
13:46:25.544 -> 391  618  507  508  498  497  476  510  
13:46:25.646 -> 402  597  505  505  498  500  477  510  
13:46:25.749 -> 380  634  508  505  498  497  476  510  
13:46:25.851 -> 402  614  507  507  498  496  476  510  
13:46:25.953 -> 398  626  508  507  498  496  476  509  
13:46:26.053 -> 410  610  509  507  498  497  459  510  
13:46:26.154 -> 406  609  507  507  498  497  476  509  
13:46:26.255 -> 413  604  509  505  498  497  477  510  
13:46:26.357 -> 425  592  507  501  498  487  490  510  
13:46:26.492 -> 423  593  508  507  522  497  469  509  
13:46:26.594 -> 450  571  508  505  498  496  476  509  
13:46:26.693 -> 444  570  508  507  498  496  476  510  
13:46:26.798 -> 475  542  509  506  498  496  476  510  
13:46:26.898 -> 475  545  507  506  499  496  478  510  
13:46:26.999 -> 507  513  507  505  498  497  477  509  
13:46:27.101 -> 506  513  509  507  498  497  478  510  
13:46:27.202 -> 541  479  508  506  498  495  477  509  
13:46:27.303 -> 542  477  507  507  498  497  476  509  
13:46:27.406 -> 562  455  509  506  501  497  499  508  
13:46:27.507 -> 569  450  506  505  498  497  474  510  
13:46:27.606 -> 581  437  508  507  477  497  471  511  
13:46:27.709 -> 591  426  508  507  498  495  476  509  
13:46:27.809 -> 592  427  507  505  498  499  476  510  
13:46:27.910 -> 607  410  506  505  498  496  475  509  
13:46:28.013 -> 598  418  507  508  498  496  463  509  
13:46:28.113 -> 619  400  508  507  461  502  474  511  
13:46:28.216 -> 602  416  506  507  498  488  477  509  
13:46:28.317 -> 619  398  507  506  498  497  477  510  
13:46:28.418 -> 590  423  507  508  498  497  477  510  
13:46:28.519 -> 606  403  506  506  498  496  477  510  
13:46:28.622 -> 579  429  506  505  498  501  476  509  
13:46:28.722 -> 577  402  508  506  498  535  476  511  
13:46:28.825 -> 563  424  506  506  498  482  477  511  
13:46:28.925 -> 540  399  508  506  498  496  476  509  
13:46:29.026 -> 538  436  507  506  498  496  476  509  
13:46:29.127 -> 504  434  507  505  498  497  476  509  
13:46:29.229 -> 509  453  508  508  498  499  477  509  
13:46:29.329 -> 471  457  507  507  498  472  476  510  
13:46:29.430 -> 481  472  507  507  498  497  477  509  
13:46:29.530 -> 436  497  508  506  497  496  476  509  
13:46:29.631 -> 459  499  507  506  498  496  476  510  
13:46:29.732 -> 415  536  508  507  498  490  477  510  
13:46:29.835 -> 443  521  506  507  498  496  478  509  
13:46:29.936 -> 404  566  508  507  498  496  468  509  
13:46:30.038 -> 426  551  507  506  498  497  476  509  
13:46:30.141 -> 396  597  507  505  498  500  476  509  
13:46:30.243 -> 412  585  507  506  498  497  476  509  
13:46:30.345 -> 387  631  508  505  498  497  479  510  
13:46:30.448 -> 407  614  507  507  498  497  476  509  
13:46:30.582 -> 383  630  507  506  500  496  478  509  
13:46:30.683 -> 405  609  509  506  498  497  476  509  
13:46:30.786 -> 404  615  507  505  498  488  477  509  
13:46:30.888 -> 414  606  509  507  498  497  477  510  
13:46:30.987 -> 417  601  509  508  496  496  476  509  
13:46:31.089 -> 422  594  507  506  497  508  476  510  
13:46:31.191 -> 435  581  508  511  498  490  476  510  
13:46:31.293 -> 436  580  507  505  498  496  476  510  
13:46:31.394 -> 462  559  505  507  498  496  476  509  
13:46:31.495 -> 464  556  509  506  498  497  479  509  
13:46:31.597 -> 489  530  506  507  498  500  477  510  
13:46:31.696 -> 492  522  508  506  498  498  476  509  
13:46:31.796 -> 524  496  507  506  498  497  476  511  
13:46:31.896 -> 527  490  507  508  498  496  476  510  
13:46:31.996 -> 559  460  508  507  498  497  477  509  
13:46:32.098 -> 559  460  506  506  498  519  476  509  
13:46:32.201 -> 573  443  506  508  498  495  477  509  
13:46:32.302 -> 582  435  508  499  498  493  476  510  
13:46:32.402 -> 589  428  507  507  498  496  476  509  
13:46:32.503 -> 601  418  509  506  499  497  471  510  
13:46:32.603 -> 603  418  507  507  498  497  476  509  
13:46:32.703 -> 615  403  506  506  498  492  476  509  
13:46:32.804 -> 601  415  506  506  500  489  488  507  
13:46:32.906 -> 615  395  509  507  494  497  470  510  
13:46:33.005 -> 596  419  507  506  498  497  478  510  
13:46:33.107 -> 615  401  508  507  498  497  476  508  
13:46:33.241 -> 589  428  507  508  498  497  476  510  
13:46:33.343 -> 590  397  508  506  499  496  483  510  
13:46:33.445 -> 574  423  508  506  497  496  461  510  
13:46:33.546 -> 558  397  506  506  482  496  474  509  
13:46:33.614 -> 553  429  508  508  498  497  476  510  
13:46:33.747 -> 518  420  507  507  498  497  476  510  
13:46:33.848 -> 526  444  508  507  497  497  478  510  
13:46:33.950 -> 492  441  508  507  491  496  479  509  
13:46:34.051 -> 500  461  507  506  498  496  427  509  
13:46:34.151 -> 450  480  507  505  498  496  477  509  
13:46:34.253 -> 477  478  508  506  498  496  477  510  
13:46:34.354 -> 420  522  508  507  498  496  476  510  
13:46:34.456 -> 457  504  506  507  498  496  471  509  
13:46:34.558 -> 404  556  509  506  496  509  476  508  
13:46:34.657 -> 437  534  507  504  498  497  476  508  
13:46:34.758 -> 398  589  505  505  498  496  476  510  
13:46:34.859 -> 423  564  506  506  501  497  479  509  
13:46:34.961 -> 390  619  507  505  497  496  476  509  
13:46:35.062 -> 401  600  508  506  498  506  477  509  
13:46:35.162 -> 382  635  509  506  498  497  476  509  
13:46:35.263 -> 405  614  508  507  498  492  477  509  
13:46:35.365 -> 399  623  506  507  498  496  476  510  
13:46:35.466 -> 411  607  507  506  498  496  476  510  
13:46:35.567 -> 408  608  508  506  497  497  476  509  
13:46:35.668 -> 415  601  508  507  498  495  476  510  
13:46:35.771 -> 427  593  509  504  498  480  490  509  
13:46:35.872 -> 431  590  509  507  526  496  476  509  
13:46:35.976 -> 449  569  509  506  498  496  475  509  
13:46:36.076 -> 450  567  506  506  498  496  476  509  
13:46:36.176 -> 476  543  508  505  498  496  476  509  
13:46:36.279 -> 479  542  508  507  499  496  481  510  
13:46:36.382 -> 508  510  506  507  497  496  477  509  
13:46:36.484 -> 512  505  508  508  498  496  479  509  
13:46:36.585 -> 543  477  508  508  498  496  476  509  
13:46:36.687 -> 546  472  508  507  498  497  476  509  
13:46:36.787 -> 567  451  505  507  501  497  501  509  
13:46:36.889 -> 572  443  508  506  498  496  474  509  
13:46:36.990 -> 583  434  507  505  498  497  464  510  
13:46:37.091 -> 593  426  509  508  498  494  476  509  
13:46:37.224 -> 595  420  507  507  498  499  476  510  
13:46:37.326 -> 607  409  507  507  498  496  476  510  
13:46:37.428 -> 603  411  508  506  498  497  475  508  
13:46:37.528 -> 620  401  507  505  498  496  435  512  
13:46:37.629 -> 605  414  507  504  498  533  476  509  
13:46:37.730 -> 616  400  508  508  498  497  477  510  
13:46:37.829 -> 594  421  509  507  498  496  477  509  
13:46:37.930 -> 600  404  509  507  498  496  476  508  
13:46:38.032 -> 580  426  509  506  498  497  477  511  
13:46:38.132 -> 574  403  507  507  498  496  476  518  
13:46:38.232 -> 562  421  509  508  498  488  476  499  
13:46:38.334 -> 538  404  507  507  498  496  477  510  
13:46:38.433 -> 533  438  509  506  498  496  476  509  
13:46:38.535 -> 503  436  507  506  498  506  476  508  
13:46:38.636 -> 507  455  509  510  498  493  476  510  
13:46:38.738 -> 467  460  507  506  498  496  476  508  
13:46:38.839 -> 481  471  510  507  500  496  476  509  
13:46:38.940 -> 435  500  507  507  495  496  475  509  
13:46:39.041 -> 464  495  508  506  498  497  477  510  
13:46:39.140 -> 410  540  508  508  498  496  476  510  
13:46:39.240 -> 445  520  508  509  498  489  495  510  
13:46:39.341 -> 401  574  508  507  498  497  477  509  
13:46:39.442 -> 430  548  508  506  498  496  477  509  
13:46:39.578 -> 393  604  509  506  497  507  476  510  
13:46:39.681 -> 410  582  506  505  498  496  481  509  
13:46:39.749 -> 387  636  508  507  498  496  476  510  
13:46:39.852 -> 404  613  507  507  498  496  476  510  
13:46:39.987 -> 385  631  507  507  498  496  478  509  
13:46:40.088 -> 409  608  507  507  498  490  476  510  
13:46:40.188 -> 405  617  509  508  499  496  479  510  
13:46:40.288 -> 409  607  507  507  496  496  476  510  
13:46:40.389 -> 420  599  508  508  498  505  478  510  
13:46:40.491 -> 419  596  508  508  498  493  476  509  
13:46:40.591 -> 441  578  507  507  498  496  476  509  
13:46:40.692 -> 439  582  507  507  498  496  476  509  
13:46:40.792 -> 466  553  508  507  496  496  476  510  
13:46:40.892 -> 462  555  506  506  498  497  477  509  
13:46:40.992 -> 494  523  505  505  498  495  476  509  
13:46:41.095 -> 495  524  507  507  498  493  476  509  
13:46:41.198 -> 529  490  507  506  498  496  477  510  
13:46:41.301 -> 529  490  507  507  488  496  462  509  
13:46:41.403 -> 560  458  508  508  498  496  476  510  
13:46:41.504 -> 558  461  508  508  498  496  476  509  
13:46:41.603 -> 572  445  507  507  501  496  488  510  
13:46:41.705 -> 583  434  507  507  498  496  476  509  
13:46:41.805 -> 588  430  509  507  498  496  475  509  
13:46:41.907 -> 602  414  507  508  498  496  476  510  
13:46:42.008 -> 597  419  507  508  498  495  476  509  
13:46:42.110 -> 614  401  508  506  498  496  476  511  
13:46:42.212 -> 600  417  508  507  498  496  476  510  
13:46:42.313 -> 620  398  507  506  475  501  466  511  
13:46:42.414 -> 597  420  510  506  498  498  477  508  
13:46:42.517 -> 612  402  507  505  498  497  476  510  
13:46:42.618 -> 585  427  507  507  498  496  485  508  
13:46:42.718 -> 587  400  508  507  498  496  476  509  
13:46:42.819 -> 572  422  509  506  498  501  477  512  
13:46:42.921 -> 553  402  507  507  498  496  476  509  
13:46:43.022 -> 550  425  508  508  498  488  476  510  
13:46:43.156 -> 514  419  509  505  498  496  476  509  
13:46:43.256 -> 517  446  507  507  498  496  477  510  
13:46:43.357 -> 483  448  508  505  498  496  476  510  
13:46:43.459 -> 491  465  508  507  498  497  476  509  
13:46:43.559 -> 451  481  507  508  498  494  476  508  
13:46:43.660 -> 469  482  506  507  498  496  486  509  
13:46:43.761 -> 421  524  506  507  498  496  476  508  
13:46:43.860 -> 449  511  508  507  497  496  475  509  
13:46:43.960 -> 405  557  509  508  498  496  476  509  
13:46:44.062 -> 432  540  508  506  498  496  476  512  
13:46:44.164 -> 402  587  507  506  498  496  476  510  
13:46:44.266 -> 419  573  507  507  498  496  476  509  
13:46:44.367 -> 389  622  507  506  498  496  477  509  
13:46:44.469 -> 400  604  508  507  498  508  476  510  
13:46:44.569 -> 386  631  509  506  498  496  476  509  
13:46:44.669 -> 405  613  507  506  498  496  476  509  
13:46:44.771 -> 402  620  508  508  498  496  476  509  
13:46:44.874 -> 409  608  506  506  498  496  474  509  
13:46:44.974 -> 411  606  506  505  498  501  477  509  
13:46:45.075 -> 418  599  507  507  498  497  476  509  
13:46:45.175 -> 428  588  508  506  497  496  477  509  
13:46:45.276 -> 432  589  508  506  497  496  475  509  
13:46:45.376 -> 450  566  507  508  498  496  477  509  
13:46:45.478 -> 451  564  508  507  498  497  476  499  
13:46:45.579 -> 480  537  508  506  498  494  476  510  
13:46:45.681 -> 484  537  508  506  498  496  477  509  
13:46:45.783 -> 512  507  507  506  498  496  475  510  
13:46:45.917 -> 515  504  508  507  497  496  472  510  
13:46:45.984 -> 547  472  508  506  498  496  476  509  
13:46:46.119 -> 550  471  508  507  498  496  476  509  
13:46:46.221 -> 568  448  508  506  498  496  476  510  
13:46:46.322 -> 573  444  508  508  498  498  477  510  
13:46:46.424 -> 581  437  506  507  498  494  476  508  
13:46:46.524 -> 593  423  509  508  498  491  476  510  
13:46:46.626 -> 591  424  508  507  498  496  473  508  
13:46:46.726 -> 610  407  507  506  499  496  478  510  
13:46:46.827 -> 601  419  508  508  498  496  476  508  
13:46:46.929 -> 621  399  507  507  499  492  476  510  
13:46:47.028 -> 599  414  511  504  499  497  483  509  
13:46:47.128 -> 617  396  513  506  492  496  473  510  
13:46:47.229 -> 591  428  509  509  498  496  476  509  
13:46:47.329 -> 603  403  508  505  498  498  476  510  
13:46:47.430 -> 580  430  507  506  498  496  476  509  
13:46:47.530 -> 575  391  508  506  499  496  478  509  
13:46:47.632 -> 564  423  507  506  498  496  476  509  
13:46:47.734 -> 535  409  506  507  499  496  477  509  
13:46:47.836 -> 535  443  505  506  498  496  476  509  
13:46:47.939 -> 496  432  509  507  498  496  476  509  
13:46:48.041 -> 510  451  507  505  498  496  477  509  
13:46:48.142 -> 465  460  508  505  499  496  476  509  
13:46:48.243 -> 484  471  509  506  498  496  476  508  
13:46:48.343 -> 431  505  506  507  498  496  476  509  
13:46:48.443 -> 466  492  507  505  498  497  497  509  
13:46:48.544 -> 410  543  507  508  498  496  476  509  
13:46:48.646 -> 445  519  507  507  498  496  476  509  
13:46:48.746 -> 393  578  507  506  498  495  476  512  
13:46:48.847 -> 429  553  507  498  498  493  476  510  
13:46:48.948 -> 395  608  508  506  498  496  476  509  
13:46:49.051 -> 407  588  507  505  490  496  473  510  
13:46:49.186 -> 381  633  509  505  498  500  477  509  
13:46:49.288 -> 401  611  507  507  498  496  476  509  
13:46:49.390 -> 390  631  509  506  498  496  476  510  
13:46:49.490 -> 408  609  506  505  500  496  480  509  
13:46:49.590 -> 402  614  507  507  498  496  476  510  
13:46:49.690 -> 413  606  508  505  498  496  477  509  
13:46:49.790 -> 423  600  506  505  498  496  476  509  
13:46:49.892 -> 422  595  508  506  496  496  477  509  
13:46:49.993 -> 440  578  510  507  499  506  477  510  
13:46:50.094 -> 440  578  507  504  498  496  477  510  
13:46:50.195 -> 467  554  506  506  500  496  478  510  
13:46:50.299 -> 466  550  507  507  497  496  478  510  
13:46:50.400 -> 494  521  506  507  498  496  476  509  
13:46:50.502 -> 501  518  509  507  498  497  476  508  
13:46:50.604 -> 530  489  507  505  498  496  477  508  
13:46:50.705 -> 535  482  506  507  498  496  476  510  
13:46:50.806 -> 564  454  506  506  498  497  460  509  
13:46:50.906 -> 563  455  507  506  498  495  477  510  
13:46:51.006 -> 577  439  508  506  498  496  477  508  
13:46:51.108 -> 583  433  507  508  499  496  485  509  
13:46:51.209 -> 590  426  506  504  498  496  477  509  
13:46:51.311 -> 605  415  507  506  498  496  477  510  
13:46:51.412 -> 602  416  508  501  498  490  476  510  
13:46:51.512 -> 613  403  506  506  498  496  477  509  
13:46:51.613 -> 601  413  508  506  498  496  476  509  
13:46:51.714 -> 618  398  507  507  498  496  477  509  
13:46:51.817 -> 597  420  508  508  498  496  457  509  
13:46:51.919 -> 614  403  509  507  498  496  477  509  
13:46:52.019 -> 583  431  506  506  498  494  477  510  
13:46:52.121 -> 583  399  506  506  499  496  494  509  
13:46:52.222 -> 569  420  509  506  499  496  477  509  
13:46:52.323 -> 550  400  507  508  498  496  477  509  
13:46:52.459 -> 547  433  507  507  498  496  476  509  
13:46:52.561 -> 514  424  509  507  498  496  476  509  
13:46:52.663 -> 518  446  507  507  499  496  477  509  
13:46:52.764 -> 476  446  507  506  498  496  477  510  
13:46:52.866 -> 497  463  508  507  499  497  477  509  
13:46:52.967 -> 445  486  509  506  498  496  477  509  
13:46:53.067 -> 472  482  508  507  498  496  477  510  
13:46:53.168 -> 416  529  508  508  498  496  477  508  
13:46:53.270 -> 453  506  509  505  498  496  476  508  
13:46:53.373 -> 399  565  508  506  498  496  477  509  
13:46:53.474 -> 435  535  508  507  498  496  477  510  
13:46:53.576 -> 393  596  508  509  498  493  477  509  
13:46:53.676 -> 421  566  508  507  498  496  476  509  
13:46:53.777 -> 386  628  508  505  480  496  474  510  
13:46:53.878 -> 402  600  507  507  498  498  476  508  
13:46:53.980 -> 380  637  508  506  498  496  476  509  
13:46:54.082 -> 407  612  508  506  498  496  477  510  
13:46:54.183 -> 400  619  506  506  498  497  520  509  
13:46:54.285 -> 409  609  508  507  498  496  476  509  
13:46:54.388 -> 412  606  508  507  498  497  476  509  
13:46:54.489 -> 413  603  506  505  498  487  477  510  
13:46:54.590 -> 432  587  507  506  498  497  476  510  
13:46:54.691 -> 431  590  508  506  498  496  476  510  
13:46:54.793 -> 457  562  506  506  498  496  477  509  
13:46:54.895 -> 451  564  506  505  498  495  476  509  
13:46:54.996 -> 486  534  507  507  498  494  476  509  
13:46:55.097 -> 484  536  507  507  498  496  477  509  
13:46:55.201 -> 515  503  508  507  498  496  477  509  
13:46:55.303 -> 515  503  507  506  498  496  476  510  
13:46:55.402 -> 548  468  509  506  498  496  476  509  
13:46:55.503 -> 551  469  508  506  498  497  476  507  
13:46:55.605 -> 570  449  506  506  498  496  473  509  
13:46:55.707 -> 575  441  507  507  498  496  477  509  
13:46:55.807 -> 583  436  508  506  498  500  477  510  
13:46:55.910 -> 598  423  508  507  499  497  475  509  
13:46:56.010 -> 593  424  506  507  498  496  476  508  
13:46:56.110 -> 609  406  507  506  498  496  480  510  
13:46:56.210 -> 601  416  509  507  499  496  474  510  
13:46:56.313 -> 619  399  507  506  498  497  477  509  
13:46:56.414 -> 602  419  506  505  498  496  476  510  
13:46:56.516 -> 616  400  507  507  499  498  476  506  
13:46:56.618 -> 588  423  507  507  498  496  476  509  
13:46:56.718 -> 598  400  507  507  497  496  471  509  
13:46:56.852 -> 578  426  509  508  498  507  476  507  
13:46:56.952 -> 569  397  507  507  498  496  476  510  
13:46:57.053 -> 558  425  509  506  498  496  476  509  
13:46:57.154 -> 530  408  508  507  498  496  476  509  
13:46:57.254 -> 529  440  508  507  496  496  475  509  
13:46:57.355 -> 495  442  507  505  498  496  476  509  
13:46:57.456 -> 503  458  507  507  498  496  476  510  
13:46:57.559 -> 461  466  510  506  497  496  477  509  
13:46:57.659 -> 475  475  508  506  498  496  476  509  
13:46:57.760 -> 427  509  507  507  498  496  476  509  
13:46:57.861 -> 456  501  507  506  498  496  476  509  
13:46:57.961 -> 410  546  507  508  498  496  477  510  
13:46:58.062 -> 441  526  508  507  498  496  476  509  
13:46:58.164 -> 398  581  507  507  494  496  474  511  
13:46:58.265 -> 427  555  506  505  495  496  466  509  
13:46:58.366 -> 390  610  509  507  498  496  476  509  
13:46:58.467 -> 405  590  507  507  498  497  476  507  
13:46:58.569 -> 385  634  508  508  500  496  481  509  
13:46:58.670 -> 404  613  509  507  498  496  476  508  
13:46:58.772 -> 390  626  509  508  498  496  476  509  
13:46:58.873 -> 408  606  508  505  498  496  476  510  
13:46:58.974 -> 406  615  507  506  498  496  477  510  
13:46:59.075 -> 414  606  507  507  498  496  482  509  
13:46:59.178 -> 424  597  508  507  497  496  475  510  
13:46:59.278 -> 425  595  508  507  499  498  477  510  
13:46:59.379 -> 445  572  507  507  498  495  476  510  
13:46:59.481 -> 443  577  508  508  498  496  476  509  
13:46:59.585 -> 473  548  508  507  498  496  496  509  
13:46:59.688 -> 470  548  508  505  494  496  465  509  
13:46:59.789 -> 501  517  507  505  498  496  476  509  
13:46:59.890 -> 501  517  508  505  498  495  476  510  
13:46:59.991 -> 534  485  506  506  498  490  477  510  
13:47:00.093 -> 535  484  508  507  498  496  476  509  
13:47:00.228 -> 561  454  507  505  499  496  476  509  
13:47:00.329 -> 564  456  508  508  498  497  476  509  
13:47:00.431 -> 574  443  507  506  498  497  476  510  
13:47:00.531 -> 585  431  507  507  498  496  476  510  
13:47:00.633 -> 587  429  508  507  498  496  477  509  
13:47:00.733 -> 604  411  506  507  499  496  476  509  
13:47:00.837 -> 598  422  507  506  498  496  476  510  
13:47:00.939 -> 618  399  506  506  498  500  476  509  
13:47:01.039 -> 594  420  507  507  502  496  481  510  
13:47:01.142 -> 620  393  508  506  497  496  475  509  
13:47:01.244 -> 592  425  508  506  498  496  480  509  
13:47:01.345 -> 612  402  508  507  498  497  477  509  
13:47:01.445 -> 589  431  507  507  498  496  476  509  
13:47:01.546 -> 583  393  507  506  501  496  476  508  
13:47:01.648 -> 573  422  508  508  499  496  476  509  
13:47:01.750 -> 547  399  507  508  499  496  476  509  
13:47:01.853 -> 549  433  508  507  498  496  476  509  
13:47:01.953 -> 508  423  508  507  498  496  476  508  
13:47:02.055 -> 517  446  505  507  499  496  485  510  
13:47:02.155 -> 476  449  508  505  499  496  476  510  
13:47:02.256 -> 495  461  505  506  499  509  476  510  
13:47:02.356 -> 441  490  508  503  498  498  476  510  
13:47:02.458 -> 471  484  508  505  498  496  476  510  
13:47:02.559 -> 414  531  507  509  498  496  476  509  
13:47:02.660 -> 448  513  509  506  496  496  476  509  
13:47:02.761 -> 398  565  506  508  498  496  476  509  
13:47:02.862 -> 432  546  508  506  498  493  476  510  
13:47:02.966 -> 396  596  507  506  498  495  476  508  
13:47:03.068 -> 416  574  508  507  498  496  477  509  
13:47:03.168 -> 387  628  508  507  498  496  476  509  
13:47:03.270 -> 402  606  506  506  498  504  476  511  
13:47:03.375 -> 385  632  506  505  498  496  477  509  
13:47:03.476 -> 407  610  507  506  499  480  476  509  
13:47:03.578 -> 404  619  507  507  498  496  476  510  
13:47:03.680 -> 413  607  508  507  498  496  476  510  
13:47:03.783 -> 412  605  507  506  498  497  478  509  
13:47:03.884 -> 416  598  509  506  498  494  476  509  
13:47:03.987 -> 435  585  507  507  498  496  476  508  
13:47:04.088 -> 436  584  508  506  498  496  476  509  
13:47:04.190 -> 457  560  509  507  496  496  472  510  
13:47:04.291 -> 458  559  508  506  499  496  477  508  
13:47:04.392 -> 482  532  508  508  498  496  476  509  
13:47:04.492 -> 488  531  509  507  498  496  476  506  
13:47:04.592 -> 518  502  507  507  498  496  475  509  
13:47:04.693 -> 520  497  508  507  498  496  477  509  
13:47:04.795 -> 551  466  509  506  498  499  476  511  
13:47:04.931 -> 554  463  507  506  498  496  476  509  
13:47:05.032 -> 574  445  507  506  498  495  477  509  
13:47:05.136 -> 577  439  507  506  498  496  477  510  
13:47:05.236 -> 587  430  506  506  499  496  469  510  
13:47:05.338 -> 598  419  508  507  498  496  476  511  
13:47:05.440 -> 599  420  507  505  499  491  476  509  
13:47:05.540 -> 611  408  506  506  498  496  476  502  
13:47:05.641 -> 601  414  506  508  505  496  478  510  
13:47:05.745 -> 619  396  508  507  499  496  475  509  
13:47:05.846 -> 601  418  508  506  499  496  476  510  
13:47:05.946 -> 618  400  508  509  499  502  476  510  
13:47:06.046 -> 589  426  507  507  499  495  487  510  
13:47:06.146 -> 593  402  509  505  499  496  476  509  
13:47:06.248 -> 575  424  507  507  498  496  467  510  
13:47:06.349 -> 565  395  507  508  499  498  476  509  
13:47:06.450 -> 555  425  507  507  499  496  476  509  
13:47:06.555 -> 528  410  508  506  498  496  476  510  
13:47:06.657 -> 528  438  506  507  499  496  476  509  
13:47:06.760 -> 492  438  507  507  496  496  474  510  
13:47:06.860 -> 504  460  506  506  498  497  476  510  
13:47:06.961 -> 456  471  508  508  498  496  475  508  
13:47:07.062 -> 481  473  507  510  500  495  480  510  
13:47:07.166 -> 423  513  506  508  498  496  476  509  
13:47:07.268 -> 460  498  508  507  499  496  476  509  
13:47:07.368 -> 404  552  507  506  499  496  476  510  
13:47:07.469 -> 441  524  509  506  498  497  475  508  
13:47:07.571 -> 397  584  508  506  499  496  480  510  
13:47:07.672 -> 429  556  508  507  499  496  482  509  
13:47:07.772 -> 388  615  508  506  500  496  476  508  
13:47:07.875 -> 402  591  509  506  499  498  476  509  
13:47:07.977 -> 382  635  507  506  499  496  476  510  
13:47:08.078 -> 405  611  507  508  499  496  476  509  
13:47:08.178 -> 394  629  509  507  499  496  502  509  
13:47:08.278 -> 408  611  506  506  499  496  475  510  
13:47:08.377 -> 405  613  507  506  498  497  475  510  
13:47:08.478 -> 414  605  506  507  499  497  476  510  
13:47:08.581 -> 425  593  508  508  497  496  475  509  
13:47:08.683 -> 427  594  509  506  497  496  475  509  
13:47:08.783 -> 448  571  508  505  498  496  476  510  
13:47:08.885 -> 444  572  508  507  499  496  476  509  
13:47:08.987 -> 474  543  507  506  499  491  475  510  
13:47:09.088 -> 471  546  507  505  498  495  476  508  
13:47:09.222 -> 505  515  508  509  499  496  476  509  
13:47:09.322 -> 503  514  507  506  498  496  478  509  
13:47:09.423 -> 538  479  507  507  498  496  476  509  
13:47:09.524 -> 539  480  507  508  499  496  475  509  
13:47:09.627 -> 564  453  507  508  499  496  492  509  
13:47:09.727 -> 565  451  508  508  499  496  476  510  
13:47:09.827 -> 577  439  508  508  499  496  465  510  
13:47:09.928 -> 587  431  507  506  499  494  475  509  
13:47:10.030 -> 591  427  506  506  498  491  477  511  
13:47:10.131 -> 607  411  509  507  499  496  475  511  
13:47:10.234 -> 600  416  507  506  499  496  474  509  
13:47:10.334 -> 618  399  508  507  499  496  474  509  
13:47:10.435 -> 600  417  508  507  498  496  476  509  
13:47:10.536 -> 617  398  507  506  499  496  476  509  
13:47:10.636 -> 593  420  507  506  499  496  456  509  
13:47:10.738 -> 609  402  508  507  499  497  476  509  
13:47:10.839 -> 583  429  507  493  498  487  476  510  
13:47:10.942 -> 577  399  508  507  499  489  475  510  
13:47:11.041 -> 565  417  507  507  499  496  476  509  
13:47:11.143 -> 541  403  508  507  498  496  475  511  
13:47:11.244 -> 541  434  507  506  498  500  475  510  
13:47:11.345 -> 506  431  508  513  499  497  476  509  
13:47:11.446 -> 511  450  507  507  498  484  476  510  
13:47:11.547 -> 476  452  508  508  499  496  475  509  
13:47:11.649 -> 482  469  508  507  494  496  474  509  
13:47:11.751 -> 441  493  508  507  499  496  475  510  
13:47:11.854 -> 462  492  507  507  498  495  476  510  
13:47:11.955 -> 417  533  507  506  498  490  493  511  
13:47:12.057 -> 447  517  507  507  499  496  514  511  
13:47:12.159 -> 403  568  508  507  499  496  476  509  
13:47:12.260 -> 428  548  509  508  498  496  475  509  
13:47:12.362 -> 398  595  508  508  499  498  475  510  
13:47:12.463 -> 413  582  506  508  499  495  476  510  
13:47:12.567 -> 386  629  507  506  499  496  476  510  
13:47:12.668 -> 404  611  507  507  498  496  475  509  
13:47:12.769 -> 385  630  508  507  499  498  476  509  
13:47:12.904 -> 407  609  506  507  499  496  476  509  
13:47:13.006 -> 404  615  508  504  499  495  479  510  
13:47:13.106 -> 415  608  508  507  499  496  476  510  
13:47:13.207 -> 416  604  507  506  499  496  481  509  
13:47:13.308 -> 419  599  509  506  499  496  476  510  
13:47:13.409 -> 435  582  507  507  499  496  475  508  
13:47:13.510 -> 436  582  509  507  498  495  476  510  
13:47:13.610 -> 461  560  506  506  498  496  476  509  
13:47:13.711 -> 459  559  506  506  498  496  475  509  
13:47:13.811 -> 488  530  507  506  498  509  475  507  
13:47:13.915 -> 492  529  508  506  499  496  476  510  
13:47:14.016 -> 521  496  507  507  500  496  480  509  
13:47:14.117 -> 525  496  508  507  499  496  476  510  
13:47:14.218 -> 554  464  508  507  501  496  471  509  
13:47:14.318 -> 555  462  508  507  498  496  475  510  
13:47:14.421 -> 573  446  507  507  499  496  476  510  
13:47:14.522 -> 578  438  508  507  503  496  480  510  
13:47:14.625 -> 583  430  507  508  498  496  469  510  
13:47:14.726 -> 600  419  506  506  499  496  444  511  
13:47:14.826 -> 596  429  508  505  498  495  476  509  
13:47:14.928 -> 613  403  507  503  498  496  475  509  
13:47:15.029 -> 597  417  508  509  499  496  474  509  
13:47:15.129 -> 621  395  509  507  498  496  476  509  
13:47:15.229 -> 595  420  509  506  498  496  450  510  
13:47:15.329 -> 616  400  508  504  499  497  476  509  
13:47:15.429 -> 588  429  507  507  498  491  476  510  
13:47:15.563 -> 593  399  506  507  499  496  475  509  
13:47:15.663 -> 574  426  510  507  499  496  475  509  
13:47:15.765 -> 564  396  508  507  499  496  476  509  
13:47:15.865 -> 556  426  508  503  499  492  476  509  
13:47:15.966 -> 524  408  507  507  499  496  475  509  
13:47:16.067 -> 526  443  506  506  498  496  476  509  
13:47:16.169 -> 488  442  507  506  498  497  475  509  
13:47:16.271 -> 500  458  508  507  498  488  476  509  
13:47:16.372 -> 455  473  507  505  498  496  476  510  
13:47:16.475 -> 478  477  506  506  506  496  475  509  
13:47:16.575 -> 420  519  507  507  496  496  475  509  
13:47:16.675 -> 455  504  508  508  498  496  475  509  
13:47:16.776 -> 405  554  508  507  498  496  476  511  
13:47:16.877 -> 438  528  510  507  499  496  473  509  
13:47:16.977 -> 399  584  507  506  498  496  476  509  
13:47:17.080 -> 420  563  507  508  498  499  476  511  
13:47:17.181 -> 390  615  508  507  498  496  476  510  
13:47:17.282 -> 405  597  507  506  499  496  487  509  
13:47:17.384 -> 386  634  506  508  498  496  475  510  
13:47:17.484 -> 404  614  510  507  496  496  480  510  
13:47:17.586 -> 394  619  508  507  499  497  475  510  
13:47:17.690 -> 410  608  507  507  498  496  476  509  
13:47:17.793 -> 410  612  508  506  498  496  473  509  
13:47:17.894 -> 417  602  507  506  495  495  473  509  
13:47:17.996 -> 425  593  506  507  498  496  475  510  
13:47:18.099 -> 426  590  508  507  498  498  476  510  
13:47:18.201 -> 446  572  506  505  498  497  476  509  
13:47:18.303 -> 450  570  506  506  499  496  476  508  
13:47:18.404 -> 474  545  507  506  498  497  476  510  
13:47:18.506 -> 478  541  513  507  498  496  473  510  
13:47:18.607 -> 503  513  508  507  498  496  476  509  
13:47:18.708 -> 510  508  507  506  498  492  475  508  