14:21:14.698 -> 503  515  508  506  501  471  425  509  
14:21:14.799 -> 497  520  508  508  501  471  425  509  
14:21:14.900 -> 537  482  506  505  503  471  426  509  
14:21:15.002 -> 533  484  509  507  501  471  423  508  
14:21:15.102 -> 563  455  508  506  501  471  424  509  
14:21:15.203 -> 565  455  508  508  501  449  424  511  
14:21:15.306 -> 573  442  506  506  501  470  423  510  
14:21:15.407 -> 590  429  508  505  486  470  420  510  
14:21:15.509 -> 586  431  508  507  501  472  423  510  
14:21:15.609 -> 609  403  507  509  504  469  435  509  
14:21:15.711 -> 593  420  509  506  501  471  417  509  
14:21:15.810 -> 626  394  507  507  502  472  423  509  
14:21:15.912 -> 601  418  506  507  501  468  422  510  
14:21:16.012 -> 627  389  506  508  504  470  406  509  
14:21:16.113 -> 592  424  507  505  501  470  421  509  
14:21:16.215 -> 619  395  508  507  501  459  421  509  
14:21:16.319 -> 586  426  506  506  502  470  424  510  
14:21:16.421 -> 589  385  507  506  506  469  405  510  
14:21:16.522 -> 581  423  508  507  501  470  420  510  
14:21:16.624 -> 549  390  508  505  501  456  420  509  
14:21:16.725 -> 553  426  509  507  501  470  420  509  
14:21:16.828 -> 508  415  508  506  490  469  414  508  
14:21:16.931 -> 524  444  507  507  501  470  420  513  
14:21:17.031 -> 470  444  509  513  500  465  419  509  
14:21:17.132 -> 501  456  509  505  500  487  419  509  
14:21:17.234 -> 433  485  507  507  500  460  418  509  
14:21:17.336 -> 477  471  508  506  501  469  419  509  
14:21:17.439 -> 406  530  507  506  494  469  418  511  
14:21:17.540 -> 452  502  508  507  500  469  418  510  
14:21:17.641 -> 388  567  506  507  501  462  417  508  
14:21:17.742 -> 433  532  506  507  501  469  417  509  
14:21:17.876 -> 384  606  508  506  496  469  413  509  
14:21:17.977 -> 410  568  508  508  501  470  417  509  
14:21:18.078 -> 374  639  506  507  501  454  417  511  
14:21:18.179 -> 402  605  507  507  501  468  416  509  
14:21:18.278 -> 374  643  507  507  474  468  414  510  
14:21:18.379 -> 403  612  506  504  501  468  416  510  
14:21:18.479 -> 392  626  507  508  501  454  416  509  
14:21:18.581 -> 408  612  508  507  511  468  405  509  
14:21:18.681 -> 406  612  500  506  500  471  415  512  
14:21:18.783 -> 410  604  506  506  501  467  414  512  
14:21:18.885 -> 432  590  508  509  501  468  414  510  
14:21:18.986 -> 428  591  508  506  501  468  411  510  
14:21:19.087 -> 457  561  509  507  501  469  414  509  
14:21:19.187 -> 451  566  507  507  501  467  414  512  
14:21:19.289 -> 487  532  508  507  501  468  413  510  
14:21:19.390 -> 483  536  508  508  501  468  411  510  
14:21:19.491 -> 522  497  508  507  501  471  413  509  
14:21:19.593 -> 516  504  508  508  501  464  412  508  
14:21:19.693 -> 556  462  507  507  501  467  413  509  
14:21:19.795 -> 552  468  508  505  500  467  398  510  
14:21:19.896 -> 573  443  508  506  501  467  412  509  
14:21:19.997 -> 575  440  508  507  501  459  411  511  
14:21:20.098 -> 585  431  506  506  501  467  416  510  
14:21:20.200 -> 604  417  507  506  500  467  410  510  
14:21:20.301 -> 597  420  508  506  501  467  411  510  
14:21:20.402 -> 614  401  508  506  501  468  416  510  
14:21:20.535 -> 603  414  507  506  501  467  402  509  
14:21:20.638 -> 625  391  507  507  501  468  411  510  
14:21:20.739 -> 598  418  507  507  501  457  410  509  
14:21:20.842 -> 621  391  508  507  501  467  408  510  
14:21:20.942 -> 590  426  507  506  501  467  401  509  
14:21:21.044 -> 604  394  508  506  501  470  409  509  
14:21:21.145 -> 582  426  508  506  501  453  408  510  
14:21:21.247 -> 570  380  507  507  501  467  408  509  
14:21:21.347 -> 565  422  508  506  506  467  378  509  
14:21:21.448 -> 530  400  508  506  501  467  408  510  
14:21:21.550 -> 535  436  507  506  501  459  408  509  
14:21:21.651 -> 487  426  508  507  501  467  424  508  
14:21:21.753 -> 511  448  500  504  502  467  407  512  
14:21:21.855 -> 451  464  508  506  501  459  407  510  
14:21:21.956 -> 487  465  509  504  500  467  407  509  
14:21:22.058 -> 414  511  508  506  500  467  406  510  
14:21:22.158 -> 463  488  507  506  501  467  406  509  
14:21:22.259 -> 392  552  508  507  501  464  406  509  
14:21:22.360 -> 446  516  508  506  501  467  406  509  
14:21:22.462 -> 383  591  508  508  496  467  404  509  
14:21:22.562 -> 419  549  508  507  501  471  405  510  
14:21:22.663 -> 375  624  508  505  501  455  405  510  
14:21:22.764 -> 400  590  507  507  501  467  405  509  
14:21:22.868 -> 371  645  507  505  494  467  383  509  
14:21:22.967 -> 397  613  507  507  501  467  404  510  
14:21:23.068 -> 387  630  509  504  501  463  403  510  
14:21:23.167 -> 408  611  509  507  501  466  418  509  
14:21:23.267 -> 393  618  509  505  503  466  405  511  
14:21:23.368 -> 407  610  506  505  501  461  403  512  
14:21:23.469 -> 422  601  508  505  500  467  401  508  
14:21:23.573 -> 420  600  507  507  497  466  406  509  
14:21:23.675 -> 445  572  507  506  501  467  402  509  
14:21:23.776 -> 438  582  509  507  501  464  402  510  
14:21:23.909 -> 474  545  508  507  501  466  402  510  
14:21:24.011 -> 466  553  508  507  496  466  394  509  
14:21:24.110 -> 503  513  508  506  501  474  402  510  
14:21:24.211 -> 499  520  508  505  501  463  402  510  
14:21:24.311 -> 538  479  508  507  501  466  400  510  
14:21:24.413 -> 534  484  508  507  492  466  389  508  
14:21:24.513 -> 564  452  509  506  501  466  401  510  
14:21:24.614 -> 566  452  507  507  501  461  400  510  
14:21:24.714 -> 578  436  507  506  501  466  400  509  
14:21:24.815 -> 590  425  507  507  503  466  399  509  
14:21:24.916 -> 594  425  508  506  501  467  400  509  
14:21:25.019 -> 609  411  508  508  502  466  408  510  
14:21:25.120 -> 598  415  506  506  502  466  388  510  
14:21:25.221 -> 623  395  507  506  501  467  400  509  
14:21:25.324 -> 602  416  506  508  501  464  399  508  
14:21:25.426 -> 624  393  506  507  501  466  398  509  
14:21:25.528 -> 593  423  507  508  500  466  391  509  
14:21:25.630 -> 617  396  507  506  501  477  398  510  
14:21:25.731 -> 583  426  506  506  501  466  399  511  
14:21:25.833 -> 588  388  508  507  501  466  392  509  
14:21:25.935 -> 575  420  507  507  501  466  397  509  
14:21:26.038 -> 548  392  506  510  501  456  397  509  
14:21:26.139 -> 545  429  507  507  501  466  397  509  
14:21:26.240 -> 508  416  508  506  501  466  398  509  
14:21:26.341 -> 517  446  507  506  501  478  396  513  
14:21:26.442 -> 468  448  508  510  501  465  410  509  
14:21:26.543 -> 493  457  508  506  501  466  399  509  
14:21:26.644 -> 435  486  506  507  502  467  396  508  
14:21:26.745 -> 469  480  508  506  501  465  395  509  
14:21:26.846 -> 405  532  508  509  501  465  395  511  
14:21:26.948 -> 450  507  510  505  498  465  394  509  
14:21:27.048 -> 389  571  508  506  501  465  395  510  
14:21:27.148 -> 431  537  506  508  501  460  395  510  
14:21:27.249 -> 388  606  509  505  504  465  399  508  
14:21:27.383 -> 411  572  507  505  492  465  391  509  
14:21:27.484 -> 371  640  507  507  501  466  394  510  
14:21:27.585 -> 400  606  507  507  501  445  394  515  
14:21:27.686 -> 377  643  507  506  501  465  394  509  
14:21:27.786 -> 404  613  508  506  498  465  397  509  
14:21:27.887 -> 391  623  508  507  501  465  393  499  
14:21:27.989 -> 408  611  508  500  501  462  393  509  
14:21:28.089 -> 412  608  508  505  499  465  388  509  
14:21:28.189 -> 413  607  508  507  503  474  393  510  
14:21:28.290 -> 433  585  508  505  501  459  392  511  
14:21:28.391 -> 427  591  508  507  496  465  393  509  
14:21:28.493 -> 458  557  506  507  501  465  390  510  
14:21:28.593 -> 451  567  506  507  501  461  391  509  
14:21:28.696 -> 491  530  507  505  501  464  391  510  
14:21:28.798 -> 485  537  507  506  497  464  384  510  
14:21:28.900 -> 522  495  507  506  501  465  390  508  
14:21:29.003 -> 518  499  505  507  501  460  390  510  
14:21:29.104 -> 553  466  508  507  501  464  391  510  
14:21:29.205 -> 552  465  510  506  495  464  379  509  
14:21:29.307 -> 569  448  506  507  501  464  389  509  
14:21:29.408 -> 577  438  507  501  501  463  390  509  
14:21:29.508 -> 581  435  507  507  502  464  389  510  
14:21:29.611 -> 600  415  504  507  503  471  390  512  
14:21:29.713 -> 595  423  506  508  501  459  388  510  
14:21:29.816 -> 614  399  507  506  505  464  391  509  
14:21:29.916 -> 597  417  509  506  501  464  385  510  
14:21:30.018 -> 626  391  504  506  501  464  388  510  
14:21:30.119 -> 594  423  505  508  501  461  388  509  
14:21:30.219 -> 624  390  507  508  501  464  387  510  
14:21:30.321 -> 588  427  506  506  501  464  384  509  
14:21:30.422 -> 605  390  506  505  502  464  388  508  
14:21:30.523 -> 585  426  508  505  501  461  387  509  
14:21:30.624 -> 567  379  507  507  501  464  387  509  
14:21:30.758 -> 564  422  505  506  498  463  387  509  
14:21:30.860 -> 523  406  505  507  501  464  387  509  
14:21:30.962 -> 534  437  508  510  501  461  387  510  
14:21:31.064 -> 487  426  508  507  505  463  382  510  
14:21:31.164 -> 501  447  507  505  502  471  387  510  
14:21:31.266 -> 448  468  506  506  502  462  387  510  
14:21:31.367 -> 487  464  508  508  501  464  387  510  
14:21:31.468 -> 415  508  505  506  500  464  387  510  
14:21:31.570 -> 460  491  507  507  501  463  386  509  
14:21:31.670 -> 394  549  506  504  502  462  387  509  
14:21:31.773 -> 443  519  507  505  500  462  386  509  
14:21:31.874 -> 381  592  507  507  502  464  386  510  
14:21:31.976 -> 421  552  509  506  501  458  387  509  
14:21:32.077 -> 383  623  507  506  501  463  387  509  
14:21:32.178 -> 402  590  507  507  502  463  387  509  
14:21:32.279 -> 371  644  509  507  501  463  386  510  
14:21:32.381 -> 401  616  508  493  501  459  387  510  
14:21:32.481 -> 388  635  506  508  501  463  387  510  
14:21:32.582 -> 404  613  503  505  504  463  389  510  
14:21:32.685 -> 399  620  509  504  501  455  387  510  
14:21:32.785 -> 411  608  510  507  506  462  395  509  
14:21:32.887 -> 420  601  507  506  496  462  390  510  
14:21:32.988 -> 419  596  508  506  502  463  387  510  
14:21:33.090 -> 444  574  508  503  502  461  387  509  
14:21:33.192 -> 442  576  507  507  502  462  387  510  
14:21:33.293 -> 473  545  507  506  496  462  381  509  
14:21:33.394 -> 470  548  507  506  501  462  387  510  
14:21:33.494 -> 504  515  506  507  501  459  387  509  
14:21:33.597 -> 503  516  508  505  502  462  386  509  
14:21:33.698 -> 541  477  508  505  490  462  377  509  
14:21:33.799 -> 536  481  508  506  501  462  387  510  
14:21:33.901 -> 567  449  508  506  501  453  387  509  
14:21:34.002 -> 564  451  506  507  501  462  386  509  
14:21:34.103 -> 580  435  507  507  491  462  385  510  
14:21:34.204 -> 592  426  506  506  501  464  387  509  
14:21:34.306 -> 591  426  508  502  501  462  391  510  
14:21:34.407 -> 609  407  508  507  501  462  387  509  
14:21:34.508 -> 601  417  505  507  503  463  388  509  
14:21:34.609 -> 624  396  506  507  501  461  387  509  
14:21:34.743 -> 597  416  507  504  503  461  387  510  
14:21:34.847 -> 624  389  507  507  505  461  379  510  
14:21:34.948 -> 592  427  507  506  501  461  387  509  
14:21:35.048 -> 613  393  508  507  502  461  387  508  
14:21:35.150 -> 587  426  507  508  501  462  386  509  
14:21:35.251 -> 587  389  507  507  501  462  387  510  
14:21:35.351 -> 576  418  506  505  502  461  387  516  
14:21:35.452 -> 543  386  507  505  502  461  387  509  
14:21:35.554 -> 547  433  507  507  496  461  383  509  
14:21:35.656 -> 506  420  506  507  501  461  387  509  
14:21:35.756 -> 519  444  509  508  501  461  387  510  
14:21:35.857 -> 467  444  507  507  501  461  386  508  
14:21:35.957 -> 497  456  506  506  501  461  348  509  
14:21:36.057 -> 431  491  507  508  501  460  386  509  
14:21:36.159 -> 473  476  508  507  504  452  396  511  
14:21:36.260 -> 403  534  507  507  501  460  386  510  
14:21:36.360 -> 451  501  507  508  502  461  386  509  
14:21:36.461 -> 385  575  509  506  501  462  386  510  
14:21:36.562 -> 433  535  508  508  501  460  386  509  
14:21:36.663 -> 381  610  509  506  500  460  386  510  
14:21:36.765 -> 406  568  507  506  501  460  386  512  
14:21:36.867 -> 371  641  508  505  501  460  386  509  
14:21:36.969 -> 400  605  509  506  501  460  386  509  
14:21:37.071 -> 377  644  508  507  501  460  386  509  
14:21:37.174 -> 400  613  506  507  501  460  385  509  
14:21:37.277 -> 396  623  509  509  501  458  385  508  
14:21:37.378 -> 406  611  508  506  501  460  385  509  
14:21:37.480 -> 410  606  506  507  501  460  383  508  
14:21:37.582 -> 413  604  508  507  501  460  385  502  
14:21:37.683 -> 433  584  508  506  501  460  385  508  
14:21:37.784 -> 431  591  505  506  501  459  385  510  
14:21:37.884 -> 461  556  506  506  501  459  370  511  
14:21:37.985 -> 453  564  508  504  501  460  385  509  
14:21:38.118 -> 491  528  507  505  503  458  389  509  
14:21:38.219 -> 484  534  507  508  501  459  384  509  
14:21:38.320 -> 524  493  508  507  501  464  384  510  
14:21:38.423 -> 519  499  509  507  501  459  384  508  
14:21:38.524 -> 556  461  508  506  504  459  396  508  
14:21:38.625 -> 552  463  508  506  501  459  384  509  
14:21:38.726 -> 573  447  508  505  501  460  383  509  
14:21:38.827 -> 578  438  507  506  501  459  384  509  
14:21:38.929 -> 584  433  501  508  498  459  384  509  
14:21:39.032 -> 602  415  508  505  502  459  382  510  
14:21:39.134 -> 596  421  508  506  501  455  383  509  
14:21:39.237 -> 616  400  506  506  501  459  383  509  
14:21:39.340 -> 601  414  508  508  500  459  383  510  
14:21:39.440 -> 624  391  507  507  501  459  382  509  
14:21:39.542 -> 597  420  509  497  501  451  383  510  
14:21:39.643 -> 621  393  509  506  501  441  382  507  
14:21:39.743 -> 588  424  514  506  496  459  380  509  
14:21:39.845 -> 603  390  508  506  502  458  383  511  
14:21:39.946 -> 580  421  506  508  501  461  382  509  
14:21:40.047 -> 564  384  509  508  501  459  393  510  
14:21:40.149 -> 559  421  506  507  501  458  382  509  
14:21:40.251 -> 521  408  507  506  501  468  382  509  
14:21:40.352 -> 529  439  507  505  501  458  382  510  
14:21:40.452 -> 485  430  506  507  501  458  386  508  
14:21:40.554 -> 506  451  507  505  501  458  379  509  
14:21:40.655 -> 450  467  507  507  501  458  381  510  
14:21:40.756 -> 482  468  507  505  501  458  381  510  
14:21:40.857 -> 414  515  507  507  501  458  381  509  
14:21:40.958 -> 458  493  508  508  501  458  380  509  
14:21:41.058 -> 393  555  506  508  502  464  380  509  
14:21:41.160 -> 440  522  506  506  501  457  380  510  
14:21:41.262 -> 386  591  506  505  501  458  380  509  
14:21:41.363 -> 417  552  507  508  501  458  379  509  
14:21:41.463 -> 375  625  508  507  501  458  379  510  
14:21:41.565 -> 400  592  508  509  501  454  379  510  
14:21:41.666 -> 374  645  508  505  501  457  378  508  
14:21:41.766 -> 399  613  508  506  501  457  379  510  
14:21:41.868 -> 386  629  508  508  501  454  378  509  
14:21:41.969 -> 406  614  509  507  501  457  392  509  
14:21:42.105 -> 403  617  507  507  497  457  382  509  
14:21:42.205 -> 407  607  507  507  501  462  377  509  
14:21:42.308 -> 423  594  507  507  501  459  377  509  
14:21:42.408 -> 421  601  508  507  501  457  377  509  
14:21:42.510 -> 450  570  507  506  497  457  377  509  
14:21:42.610 -> 440  578  506  506  501  458  377  509  
14:21:42.712 -> 476  542  507  507  501  453  375  509  
14:21:42.814 -> 469  551  507  507  501  457  374  509  
14:21:42.916 -> 510  511  507  505  501  457  367  510  
14:21:43.016 -> 502  517  508  505  501  458  374  510  
14:21:43.117 -> 540  478  506  507  501  456  374  507  
14:21:43.219 -> 537  480  506  506  501  456  374  509  
14:21:43.320 -> 563  454  508  506  501  456  374  509  
14:21:43.424 -> 570  450  507  506  501  457  373  510  
14:21:43.524 -> 576  441  509  505  501  457  372  501  
14:21:43.625 -> 592  424  508  508  501  456  373  510  
14:21:43.725 -> 588  430  508  507  501  456  372  510  
14:21:43.827 -> 613  407  506  506  501  456  372  509  
14:21:43.927 -> 595  420  508  507  501  442  376  510  
14:21:44.027 -> 623  393  507  505  500  456  371  509  
14:21:44.128 -> 597  421  508  507  504  461  372  510  
14:21:44.229 -> 629  391  508  508  501  455  371  508  
14:21:44.330 -> 589  425  507  505  504  456  373  510  
14:21:44.432 -> 615  390  509  505  503  456  371  509  
14:21:44.534 -> 585  428  507  509  501  456  370  509  
14:21:44.634 -> 586  385  508  507  501  456  369  510  
14:21:44.736 -> 575  418  507  506  505  455  375  509  
14:21:44.838 -> 547  389  508  506  501  458  369  509  
14:21:44.941 -> 546  433  509  506  501  455  369  510  
14:21:45.042 -> 504  416  508  506  503  455  369  509  
14:21:45.142 -> 520  442  507  507  501  455  361  509  
14:21:45.244 -> 464  450  507  508  501  452  370  508  
14:21:45.348 -> 498  456  507  507  501  455  371  509  
14:21:45.451 -> 430  488  508  506  515  455  366  509  
14:21:45.552 -> 472  480  507  506  501  455  375  509  
14:21:45.655 -> 400  537  507  508  501  487  377  507  
14:21:45.757 -> 451  505  509  507  501  455  378  510  
14:21:45.857 -> 389  577  507  505  501  455  377  508  
14:21:45.959 -> 430  537  507  505  501  455  372  510  
14:21:46.093 -> 380  612  509  504  501  452  384  510  
14:21:46.194 -> 409  574  506  508  523  455  380  510  
14:21:46.296 -> 370  644  508  507  501  455  386  510  
14:21:46.398 -> 399  606  507  508  501  455  387  508  
14:21:46.497 -> 377  642  507  506  501  455  401  509  
14:21:46.600 -> 407  612  508  507  500  455  389  510  
14:21:46.704 -> 392  624  508  504  501  458  390  511  
14:21:46.807 -> 408  610  508  507  501  455  390  509  
14:21:46.875 -> 412  608  508  505  501  454  391  508  
14:21:46.978 -> 413  606  507  506  500  454  387  510  
14:21:47.080 -> 432  584  509  507  501  454  392  510  
14:21:47.216 -> 431  586  510  506  501  456  393  509  
14:21:47.316 -> 465  556  509  507  501  454  395  509  
14:21:47.416 -> 454  562  507  507  501  454  395  511  
14:21:47.518 -> 493  528  506  508  500  456  395  509  
14:21:47.619 -> 490  531  507  505  501  454  396  509  
14:21:47.720 -> 527  492  506  505  500  454  399  509  
14:21:47.823 -> 520  496  507  505  501  454  398  510  
14:21:47.924 -> 558  459  509  507  501  450  398  510  
14:21:48.025 -> 554  463  505  507  500  454  398  510  
14:21:48.126 -> 576  444  508  505  501  454  399  510  
14:21:48.227 -> 581  442  507  505  501  453  400  509  
14:21:48.329 -> 585  429  506  506  501  454  397  510  
14:21:48.431 -> 610  412  509  506  502  459  401  512  
14:21:48.532 -> 595  423  508  507  501  451  401  509  
14:21:48.632 -> 618  398  508  506  504  453  404  510  
14:21:48.734 -> 597  417  508  507  501  453  395  509  
14:21:48.836 -> 628  390  508  507  501  455  402  510  
14:21:48.936 -> 596  423  508  507  501  455  402  508  
14:21:49.037 -> 623  390  506  506  501  453  403  510  
14:21:49.138 -> 588  425  508  506  501  453  403  508  
14:21:49.242 -> 600  388  507  508  501  464  403  510  
14:21:49.344 -> 584  422  509  507  501  453  404  509  
14:21:49.443 -> 566  378  506  506  501  453  404  509  
14:21:49.545 -> 565  424  508  506  501  453  403  509  
14:21:49.646 -> 521  404  507  508  501  453  405  509  
14:21:49.747 -> 532  433  508  506  501  452  405  510  
14:21:49.849 -> 481  430  507  507  501  453  405  509  
14:21:49.950 -> 512  445  506  507  501  453  407  509  
14:21:50.052 -> 445  471  507  506  501  452  406  513  
14:21:50.153 -> 487  461  507  506  501  453  407  509  
14:21:50.255 -> 411  517  509  507  501  453  408  509  
14:21:50.356 -> 461  489  506  507  501  453  365  510  
14:21:50.458 -> 389  559  507  508  501  451  409  511  
14:21:50.558 -> 440  517  508  511  504  450  416  510  
14:21:50.692 -> 384  597  506  506  495  453  413  508  
14:21:50.793 -> 417  550  507  505  501  461  411  509  
14:21:50.896 -> 372  630  508  507  501  456  412  510  
14:21:50.998 -> 398  592  505  506  502  452  415  509  
14:21:51.099 -> 372  645  507  506  501  453  412  509  
14:21:51.201 -> 398  614  507  508  501  460  412  509  
14:21:51.303 -> 388  629  507  508  501  452  413  510  
14:21:51.404 -> 406  613  509  506  501  452  413  509  
14:21:51.507 -> 402  614  509  505  501  452  413  510  
14:21:51.609 -> 407  608  506  508  501  452  414  506  
14:21:51.710 -> 424  595  508  507  501  415  415  506  
14:21:51.811 -> 422  598  506  506  500  452  415  510  
14:21:51.913 -> 449  568  500  507  502  462  417  509  
14:21:52.015 -> 441  577  508  505  501  452  416  508  
14:21:52.114 -> 480  540  506  507  501  452  417  509  
14:21:52.217 -> 471  550  507  507  501  452  419  509  
14:21:52.316 -> 511  509  507  506  501  452  419  510  
14:21:52.418 -> 504  513  509  506  501  452  420  508  
14:21:52.518 -> 546  473  506  506  506  452  430  509  
14:21:52.620 -> 540  478  508  506  501  452  421  509  
14:21:52.720 -> 568  449  508  507  501  451  422  509  
14:21:52.822 -> 568  448  508  506  501  452  422  510  
14:21:52.923 -> 580  436  507  508  500  452  421  510  
14:21:53.025 -> 592  425  509  506  502  452  421  510  
14:21:53.124 -> 595  428  508  507  501  450  424  509  
14:21:53.224 -> 611  403  508  507  501  452  424  510  
14:21:53.326 -> 604  416  506  506  499  452  425  509  
14:21:53.427 -> 624  390  507  507  501  452  424  509  
14:21:53.528 -> 601  410  507  507  501  450  425  510  
14:21:53.629 -> 624  392  507  506  501  447  426  508  
14:21:53.730 -> 591  423  504  507  498  452  425  509  
14:21:53.833 -> 625  394  504  506  503  454  430  512  
14:21:53.933 -> 583  427  507  507  501  452  441  509  
14:21:54.069 -> 584  382  510  507  503  452  430  509  
14:21:54.136 -> 573  421  507  505  501  459  430  512  
14:21:54.236 -> 543  395  507  506  501  452  431  509  
14:21:54.370 -> 544  431  507  506  500  452  440  509  
14:21:54.470 -> 500  419  508  506  501  452  433  510  
14:21:54.572 -> 518  447  508  508  500  452  433  509  
14:21:54.673 -> 463  449  506  507  501  452  433  512  
14:21:54.774 -> 492  456  507  505  500  452  434  508  
14:21:54.876 -> 427  493  507  505  499  452  433  509  
14:21:54.975 -> 469  482  506  507  501  453  435  509  
14:21:55.076 -> 401  539  508  506  501  453  435  509  
14:21:55.177 -> 450  508  506  507  502  453  436  509  
14:21:55.278 -> 387  578  505  508  500  453  436  509  
14:21:55.379 -> 424  540  506  505  501  453  436  509  
14:21:55.479 -> 382  614  507  507  501  452  437  504  
14:21:55.581 -> 408  573  509  506  501  452  437  509  
14:21:55.683 -> 371  641  507  506  501  452  436  510  
14:21:55.785 -> 398  609  509  505  501  452  437  510  
14:21:55.887 -> 379  644  507  504  501  453  437  509  
14:21:55.989 -> 403  612  507  508  501  453  436  508  
14:21:56.093 -> 395  622  508  508  501  448  434  510  
14:21:56.195 -> 406  613  508  506  503  452  435  509  
14:21:56.296 -> 416  607  508  507  498  453  431  508  
14:21:56.398 -> 414  604  507  508  501  453  429  510  
14:21:56.499 -> 435  580  508  507  501  452  427  510  
14:21:56.600 -> 429  590  506  507  501  453  424  508  
14:21:56.702 -> 467  553  508  506  495  453  416  509  
14:21:56.803 -> 454  560  507  506  501  453  419  509  
14:21:56.903 -> 495  524  508  506  501  449  415  509  
14:21:57.004 -> 490  532  507  506  518  454  420  510  
14:21:57.104 -> 526  489  507  508  501  453  398  509  
14:21:57.206 -> 524  494  508  509  501  452  409  509  
14:21:57.307 -> 558  460  509  506  501  453  406  507  
14:21:57.409 -> 557  461  507  507  501  453  404  509  
14:21:57.509 -> 570  448  505  506  502  453  395  509  
14:21:57.610 -> 583  434  506  506  501  454  399  509  
14:21:57.744 -> 582  434  507  508  501  453  398  509  
14:21:57.845 -> 605  413  507  505  501  453  396  510  
14:21:57.946 -> 593  426  508  507  501  454  394  509  
14:21:58.046 -> 621  398  507  507  501  453  393  509  
14:21:58.146 -> 596  419  507  508  502  447  403  510  
14:21:58.249 -> 628  387  508  507  500  453  390  510  
14:21:58.350 -> 596  424  508  509  502  460  388  509  
14:21:58.452 -> 624  393  506  507  501  458  386  510  
14:21:58.552 -> 587  426  509  508  504  453  390  509  
14:21:58.653 -> 597  387  508  505  502  453  384  508  
14:21:58.754 -> 586  420  508  508  501  466  383  508  
14:21:58.857 -> 563  385  508  507  501  454  382  510  
14:21:58.959 -> 558  421  508  507  502  453  383  510  
14:21:59.059 -> 518  406  508  507  501  453  381  510  
14:21:59.160 -> 531  441  509  506  501  454  381  509  
14:21:59.261 -> 480  432  506  506  501  453  381  509  
14:21:59.362 -> 507  447  505  508  502  453  381  508  
14:21:59.464 -> 444  470  507  506  500  454  380  509  
14:21:59.564 -> 483  470  506  508  501  454  380  508  
14:21:59.666 -> 407  519  507  506  501  454  379  508  
14:21:59.767 -> 459  493  510  505  504  454  378  509  
14:21:59.868 -> 392  557  507  507  501  454  378  509  
14:21:59.970 -> 437  522  507  504  501  450  377  509  
14:22:00.073 -> 385  597  508  506  501  451  389  509  
14:22:00.173 -> 419  555  505  507  493  454  378  510  
14:22:00.274 -> 376  630  508  507  501  465  377  510  
14:22:00.377 -> 398  593  507  506  501  454  378  510  
14:22:00.479 -> 375  645  508  507  501  454  386  509  
14:22:00.580 -> 403  614  507  505  501  454  377  509  
14:22:00.682 -> 385  627  508  505  501  456  379  510  
14:22:00.784 -> 406  610  509  506  501  454  377  510  
14:22:00.884 -> 403  617  509  506  501  453  378  509  
14:22:00.986 -> 412  608  505  506  500  454  373  510  
14:22:01.119 -> 422  595  507  507  501  454  378  510  
14:22:01.222 -> 422  596  507  507  501  453  378  510  
14:22:01.323 -> 450  570  509  506  501  454  378  509  
14:22:01.425 -> 443  574  508  506  501  454  377  509  
14:22:01.525 -> 477  540  508  505  501  454  378  510  
14:22:01.627 -> 473  544  508  506  501  453  378  509  
14:22:01.728 -> 512  508  509  508  501  454  378  509  
14:22:01.829 -> 507  510  507  506  498  454  372  508  
14:22:01.931 -> 547  472  509  504  501  457  377  510  
14:22:02.031 -> 541  478  507  508  501  454  378  509  
14:22:02.133 -> 570  445  505  507  501  454  378  510  
14:22:02.235 -> 571  447  508  508  501  455  378  511  
14:22:02.336 -> 582  439  507  507  501  455  378  510  
14:22:02.439 -> 594  424  508  508  504  454  380  510  
14:22:02.542 -> 592  424  508  506  501  454  379  510  
14:22:02.642 -> 615  406  507  508  501  454  377  509  
14:22:02.744 -> 600  417  507  507  501  457  377  509  
14:22:02.845 -> 622  394  507  507  501  454  378  509  
14:22:02.948 -> 597  419  506  507  501  454  378  510  
14:22:03.050 -> 627  391  507  507  501  454  377  509  
14:22:03.152 -> 588  425  508  505  501  454  385  509  
14:22:03.252 -> 609  390  507  506  500  454  376  509  
14:22:03.353 -> 588  429  507  506  501  454  378  509  
14:22:03.454 -> 582  382  506  508  501  446  378  510  
14:22:03.556 -> 574  418  507  507  501  454  378  509  
14:22:03.658 -> 540  389  506  506  485  454  344  509  
14:22:03.760 -> 546  434  507  507  501  454  378  510  
14:22:03.861 -> 496  418  508  505  501  454  378  509  
14:22:03.964 -> 520  441  507  508  501  454  361  510  
14:22:04.064 -> 458  454  510  507  501  457  378  507  
14:22:04.164 -> 498  452  506  505  501  454  378  506  
14:22:04.264 -> 425  494  511  508  501  454  378  509  
14:22:04.364 -> 473  477  507  506  498  468  371  509  
14:22:04.464 -> 397  542  507  506  501  453  378  509  
14:22:04.564 -> 449  503  505  507  502  453  379  509  
14:22:04.666 -> 386  580  509  507  496  454  380  509  
14:22:04.766 -> 427  538  506  507  501  456  377  509  
14:22:04.900 -> 379  616  509  507  501  455  378  509  
14:22:05.002 -> 404  577  508  506  501  453  379  510  
14:22:05.103 -> 374  645  508  507  501  453  378  509  
14:22:05.204 -> 396  610  506  506  501  465  378  509  
14:22:05.305 -> 379  638  508  507  501  454  378  509  
14:22:05.407 -> 406  614  507  507  500  453  382  509  
14:22:05.508 -> 397  623  509  506  501  453  378  509  
14:22:05.609 -> 403  611  506  506  501  453  378  510  
14:22:05.710 -> 415  605  508  507  501  449  378  509  
14:22:05.812 -> 415  605  508  506  501  453  378  509  
14:22:05.913 -> 437  581  507  507  501  453  378  509  
14:22:06.014 -> 431  586  508  505  501  453  378  509  
14:22:06.114 -> 466  552  508  506  501  454  378  509  
14:22:06.215 -> 460  562  507  505  504  453  380  508  
14:22:06.316 -> 498  522  507  507  500  453  379  510  
14:22:06.417 -> 489  530  507  506  501  452  378  510  
14:22:06.519 -> 529  488  506  506  501  451  378  509  
14:22:06.621 -> 526  492  509  507  501  453  378  509  
14:22:06.722 -> 562  455  507  507  494  452  368  509  
14:22:06.825 -> 557  461  507  509  501  453  377  509  
14:22:06.926 -> 574  442  508  507  501  446  378  510  
14:22:07.029 -> 582  436  506  507  501  452  378  509  
14:22:07.129 -> 587  430  507  505  500  453  352  510  
14:22:07.230 -> 607  414  507  506  501  455  378  509  
14:22:07.331 -> 597  418  507  507  501  418  377  509  
14:22:07.432 -> 619  395  508  507  500  453  377  509  
14:22:07.534 -> 601  418  509  507  479  458  369  511  
14:22:07.634 -> 626  394  507  506  500  451  378  510  
14:22:07.734 -> 594  421  508  506  500  452  377  510  
14:22:07.835 -> 625  394  510  507  503  456  379  511  
14:22:07.969 -> 588  429  508  508  501  456  377  510  
14:22:08.069 -> 594  388  506  506  505  452  388  509  
14:22:08.170 -> 575  418  506  506  502  452  378  509  
14:22:08.269 -> 560  386  510  507  501  458  377  511  
14:22:08.371 -> 557  426  507  505  501  452  377  509  
14:22:08.473 -> 518  408  508  507  507  452  383  510  
14:22:08.574 -> 524  439  507  506  501  452  377  510  
14:22:08.676 -> 476  440  506  506  500  453  377  510  
14:22:08.777 -> 505  450  508  507  500  451  377  509  
14:22:08.880 -> 441  472  507  508  501  452  377  508  
14:22:08.981 -> 481  469  505  506  494  452  376  509  
14:22:09.082 -> 406  525  507  507  500  452  377  509  
14:22:09.183 -> 456  495  508  507  500  451  376  510  
14:22:09.283 -> 389  561  505  508  501  452  377  509  
14:22:09.384 -> 436  524  507  507  499  452  376  510  
14:22:09.484 -> 380  600  508  508  500  454  376  510  
14:22:09.585 -> 415  555  506  506  501  441  376  509  
14:22:09.687 -> 373  635  506  506  500  451  378  509  
14:22:09.789 -> 400  595  507  507  500  451  376  509  
14:22:09.890 -> 369  646  509  506  500  452  376  510  
14:22:09.992 -> 403  614  508  507  500  451  376  510  
14:22:10.092 -> 390  631  509  505  501  451  376  510  
14:22:10.194 -> 406  612  508  507  498  451  373  510  
14:22:10.293 -> 403  613  507  508  500  451  376  510  
14:22:10.394 -> 409  610  506  505  500  456  376  509  
14:22:10.496 -> 430  593  508  505  501  451  377  509  
14:22:10.597 -> 422  596  508  506  500  451  375  509  
14:22:10.698 -> 454  564  509  500  501  448  376  509  
14:22:10.832 -> 443  576  509  505  500  451  376  510  
14:22:10.902 -> 485  538  507  506  501  451  375  509  
14:22:11.035 -> 473  545  507  508  500  451  375  509  
14:22:11.136 -> 515  501  508  505  501  451  375  509  
14:22:11.237 -> 507  513  507  508  500  441  376  509  
14:22:11.337 -> 543  474  509  508  500  451  375  509  
14:22:11.441 -> 543  473  508  506  499  451  373  509  
14:22:11.543 -> 562  453  508  506  500  451  375  510  
14:22:11.644 -> 571  444  508  507  500  451  377  510  
14:22:11.746 -> 578  439  508  506  500  451  375  508  
14:22:11.846 -> 595  419  508  507  500  450  375  509  
14:22:11.948 -> 587  429  507  506  502  451  388  510  
14:22:12.049 -> 614  401  509  506  500  451  375  509  
14:22:12.149 -> 596  421  504  509  501  453  376  509  
14:22:12.250 -> 628  392  508  506  500  450  375  508  
14:22:12.350 -> 594  422  505  507  505  450  381  508  
14:22:12.452 -> 626  389  507  508  492  450  376  511  
14:22:12.554 -> 590  426  507  506  500  452  375  510  
14:22:12.654 -> 610  391  507  507  500  453  375  508  
14:22:12.756 -> 586  426  509  506  504  450  374  509  
14:22:12.857 -> 579  378  507  507  501  450  375  510  
14:22:12.959 -> 575  420  508  507  500  465  374  509  
14:22:13.060 -> 536  393  506  507  500  450  374  510  
14:22:13.161 -> 542  430  507  507  502  450  381  509  
14:22:13.262 -> 495  420  509  505  500  450  374  510  
14:22:13.365 -> 517  442  508  506  500  450  374  510  
14:22:13.466 -> 456  453  508  506  500  450  374  510  
14:22:13.567 -> 494  454  508  506  500  450  374  509  
14:22:13.671 -> 423  498  507  506  500  450  374  509  
14:22:13.772 -> 468  482  507  506  500  450  373  509  
14:22:13.874 -> 399  540  508  506  500  450  373  508  
14:22:13.975 -> 447  509  506  507  500  450  374  509  
14:22:14.076 -> 381  583  505  507  501  449  374  509  
14:22:14.177 -> 427  540  507  506  500  446  374  509  
14:22:14.277 -> 379  617  507  505  497  450  369  509  
14:22:14.378 -> 399  579  507  507  500  451  374  509  
14:22:14.477 -> 372  643  509  506  500  450  373  505  
14:22:14.612 -> 402  612  506  508  500  450  373  508  
14:22:14.714 -> 375  642  507  507  500  450  361  509  
14:22:14.816 -> 402  612  507  507  500  450  373  509  
14:22:14.917 -> 396  622  510  506  500  450  373  510  
14:22:15.017 -> 407  612  507  507  500  449  375  510  
14:22:15.119 -> 412  602  508  506  500  450  373  510  
14:22:15.219 -> 415  603  506  506  500  450  373  509  
14:22:15.320 -> 439  580  507  506  500  449  382  509  
14:22:15.422 -> 431  584  508  507  500  449  373  510  
14:22:15.525 -> 467  552  507  506  500  449  373  511  
14:22:15.627 -> 460  561  507  504  500  449  373  510  
14:22:15.728 -> 498  521  508  505  500  449  372  510  
14:22:15.829 -> 494  525  508  508  500  449  373  509  
14:22:15.930 -> 530  487  509  507  500  450  373  509  
14:22:16.030 -> 527  492  507  505  500  444  372  510  
14:22:16.132 -> 562  456  506  508  500  449  372  509  
14:22:16.234 -> 560  458  508  507  498  449  371  508  
14:22:16.335 -> 576  443  507  507  500  449  372  508  
14:22:16.437 -> 583  433  507  508  500  445  372  509  
14:22:16.537 -> 585  431  507  507  500  449  376  510  
14:22:16.639 -> 609  409  507  505  500  449  356  509  
14:22:16.740 -> 595  424  508  507  500  449  372  510  
14:22:16.841 -> 622  394  508  504  500  449  372  509  
14:22:16.941 -> 595  421  510  507  499  449  372  509  
14:22:17.043 -> 628  389  508  508  499  450  362  512  
14:22:17.143 -> 593  422  507  509  500  447  372  509  
14:22:17.244 -> 621  391  506  505  500  450  385  509  
14:22:17.346 -> 586  426  509  507  495  448  360  510  
14:22:17.446 -> 597  387  508  506  501  449  372  511  
14:22:17.549 -> 586  419  507  507  500  450  371  510  
14:22:17.649 -> 556  383  507  507  500  448  371  510  
14:22:17.783 -> 560  422  507  507  500  449  371  510  
14:22:17.882 -> 515  409  510  505  500  449  371  511  
14:22:17.983 -> 532  439  507  508  500  452  371  510  
14:22:18.083 -> 471  435  508  505  503  449  388  510  
14:22:18.183 -> 509  444  509  506  490  449  376  510  
14:22:18.286 -> 436  478  506  505  500  454  371  510  
14:22:18.387 -> 482  466  507  506  500  448  370  510  
14:22:18.487 -> 405  525  506  508  501  448  371  509  
14:22:18.588 -> 459  491  509  508  500  448  366  510  
14:22:18.691 -> 387  567  508  506  500  449  370  510  
14:22:18.793 -> 434  521  507  506  500  451  370  508  
14:22:18.896 -> 380  603  508  506  501  448  371  509  
14:22:18.996 -> 415  559  509  506  499  448  370  510  
14:22:19.099 -> 372  637  507  504  500  450  370  508  
14:22:19.199 -> 397  595  506  507  500  449  370  510  
14:22:19.301 -> 373  646  507  507  507  448  382  509  
14:22:19.402 -> 403  616  507  507  500  448  369  509  
14:22:19.505 -> 391  626  508  507  500  450  369  511  
14:22:19.605 -> 404  610  507  507  500  448  369  508  
14:22:19.707 -> 406  614  506  508  499  448  369  509  
14:22:19.808 -> 408  608  508  507  499  448  370  508  
14:22:19.911 -> 426  591  506  507  500  449  368  509  
14:22:20.012 -> 422  595  509  507  500  446  369  510  
14:22:20.114 -> 456  563  509  504  500  447  369  509  
14:22:20.214 -> 444  572  509  506  500  449  369  510  
14:22:20.314 -> 483  535  507  508  500  444  369  510  
14:22:20.415 -> 478  542  506  507  500  448  368  510  
14:22:20.516 -> 515  503  507  509  500  448  368  508  
14:22:20.617 -> 509  511  509  505  500  452  368  509  
14:22:20.718 -> 549  469  507  507  500  448  368  509  
14:22:20.818 -> 544  471  507  506  499  448  366  508  
14:22:20.953 -> 571  448  507  506  500  448  368  509  
14:22:21.054 -> 572  443  506  506  500  446  368  510  
14:22:21.156 -> 581  434  507  508  500  443  368  511  
14:22:21.257 -> 596  421  504  507  499  448  369  509  
14:22:21.359 -> 593  424  508  506  499  448  369  508  
14:22:21.460 -> 615  404  507  507  499  464  368  507  
14:22:21.561 -> 597  417  509  507  500  448  399  509  
14:22:21.663 -> 626  391  508  506  498  448  367  509  
14:22:21.765 -> 598  419  507  506  500  448  368  509  
14:22:21.865 -> 624  391  508  507  500  448  367  510  
14:22:21.965 -> 588  426  507  507  500  447  368  510  
14:22:22.065 -> 607  392  508  506  499  448  366  510  
14:22:22.167 -> 585  430  506  507  499  447  367  510  
14:22:22.267 -> 578  379  506  508  499  443  367  509  
14:22:22.369 -> 568  419  508  506  500  447  367  508  
14:22:22.470 -> 535  397  507  506  495  447  341  510  
14:22:22.570 -> 538  436  508  507  500  448  367  510  
14:22:22.670 -> 491  422  507  508  500  447  367  509  
14:22:22.771 -> 514  446  509  506  499  447  366  509  
14:22:22.874 -> 458  457  508  506  499  447  366  509  
14:22:22.975 -> 490  458  508  506  499  447  366  510  
14:22:23.076 -> 423  500  508  507  504  447  364  510  
14:22:23.178 -> 467  483  508  507  500  448  366  510  
14:22:23.278 -> 395  545  507  509  499  438  366  510  
14:22:23.378 -> 447  513  508  507  499  447  366  509  
14:22:23.478 -> 383  584  507  505  500  447  403  509  
14:22:23.578 -> 425  540  509  508  499  447  347  510  
14:22:23.681 -> 378  618  508  508  500  448  366  510  
14:22:23.815 -> 402  580  509  505  499  439  366  509  
14:22:23.917 -> 376  645  507  507  499  447  366  509  
14:22:24.017 -> 402  609  508  508  501  447  366  508  
14:22:24.119 -> 382  633  508  506  500  447  365  508  
14:22:24.222 -> 404  614  510  497  499  445  365  509  
14:22:24.323 -> 401  623  508  505  500  447  376  509  
14:22:24.424 -> 405  612  509  507  500  447  342  509  
14:22:24.525 -> 417  601  507  496  499  439  365  508  
14:22:24.626 -> 416  604  507  507  499  447  365  509  
14:22:24.728 -> 444  577  506  507  498  447  364  511  
14:22:24.829 -> 433  589  508  506  499  447  345  511  
14:22:24.929 -> 466  548  508  505  500  447  364  509  
14:22:25.029 -> 458  562  505  506  499  427  365  509  
14:22:25.129 -> 499  523  508  505  500  447  365  509  
14:22:25.230 -> 488  528  506  505  497  447  362  510  
14:22:25.332 -> 530  486  508  507  499  447  364  509  
14:22:25.432 -> 527  490  507  506  499  445  364  509  
14:22:25.534 -> 559  460  507  506  499  446  364  509  
14:22:25.633 -> 557  460  508  507  499  447  364  509  
14:22:25.734 -> 568  448  507  506  499  446  364  509  
14:22:25.836 -> 585  432  507  506  499  447  364  509  
14:22:25.937 -> 583  434  507  506  499  447  356  509  
14:22:26.037 -> 608  411  507  506  500  452  364  512  
14:22:26.138 -> 594  424  507  506  499  447  363  509  
14:22:26.241 -> 621  395  508  509  501  447  372  509  
14:22:26.341 -> 595  420  506  505  499  447  362  510  
14:22:26.442 -> 630  389  509  509  501  450  365  511  
14:22:26.542 -> 594  427  506  507  499  446  363  511  
14:22:26.642 -> 621  393  507  507  502  448  372  510  
14:22:26.778 -> 588  428  509  507  500  451  363  511  
14:22:26.880 -> 597  387  507  511  499  451  362  510  
14:22:26.981 -> 583  422  508  507  499  446  373  510  
14:22:27.081 -> 554  383  508  507  499  446  362  509  
14:22:27.182 -> 562  425  507  508  499  447  362  509  
14:22:27.283 -> 515  409  509  506  499  447  362  509  
14:22:27.386 -> 530  435  506  506  507  446  373  509  
14:22:27.487 -> 475  434  509  505  502  446  363  509  
14:22:27.590 -> 507  449  509  505  499  450  361  509  
14:22:27.691 -> 440  476  508  507  499  447  361  509  
14:22:27.792 -> 480  466  509  506  500  446  362  509  
14:22:27.894 -> 405  521  506  506  499  447  360  510  
14:22:27.995 -> 459  495  508  507  499  447  361  509  
14:22:28.095 -> 387  563  508  507  499  441  361  512  
14:22:28.196 -> 437  523  506  506  500  446  362  509  
14:22:28.297 -> 384  600  509  506  497  446  364  509  
14:22:28.399 -> 414  556  508  504  499  449  361  509  
14:22:28.502 -> 370  633  508  507  499  447  361  509  
14:22:28.603 -> 400  598  506  507  499  446  361  509  
14:22:28.703 -> 374  646  506  507  499  446  360  509  
14:22:28.805 -> 407  613  508  506  499  446  360  509  
14:22:28.908 -> 390  627  509  506  499  446  360  511  
14:22:29.011 -> 403  611  506  509  499  444  360  510  
14:22:29.112 -> 407  614  508  507  503  446  367  508  
14:22:29.213 -> 411  608  507  506  496  446  362  509  
14:22:29.316 -> 430  591  508  507  501  454  360  509  
14:22:29.416 -> 422  594  508  505  499  446  360  509  
14:22:29.517 -> 454  560  508  506  499  445  360  509  
14:22:29.618 -> 445  576  506  505  499  446  360  509  
14:22:29.718 -> 485  534  507  506  499  450  360  510  
14:22:29.818 -> 475  543  508  506  499  444  359  510  
14:22:29.920 -> 515  501  506  507  501  445  365  509  
14:22:30.021 -> 508  510  507  507  499  446  359  509  
14:22:30.125 -> 547  471  508  507  499  446  360  507  
14:22:30.229 -> 545  474  508  507  499  446  359  510  
14:22:30.330 -> 564  452  506  505  499  446  359  508  
14:22:30.429 -> 576  443  507  506  499  446  360  509  
14:22:30.531 -> 579  440  507  504  499  449  359  509  
14:22:30.633 -> 598  420  506  506  499  446  359  509  
14:22:30.735 -> 587  429  508  505  503  446  360  510  
14:22:30.870 -> 615  400  508  507  499  446  355  509  
14:22:30.971 -> 597  421  507  507  499  446  359  510  
14:22:31.073 -> 625  392  507  505  499  446  359  508  
14:22:31.175 -> 591  421  507  505  502  446  360  510  
14:22:31.276 -> 627  389  509  506  492  446  361  509  
14:22:31.376 -> 590  428  509  507  499  447  358  510  
14:22:31.478 -> 611  388  507  507  499  448  358  509  
14:22:31.579 -> 587  427  509  506  500  446  362  510  
14:22:31.681 -> 577  374  508  507  499  446  358  509  
14:22:31.781 -> 575  421  508  507  499  451  358  511  
14:22:31.882 -> 535  394  509  506  499  446  358  510  
14:22:31.983 -> 546  428  508  506  501  446  362  509  
14:22:32.084 -> 489  421  507  506  499  446  357  511  
14:22:32.184 -> 520  440  509  507  499  446  357  509  
14:22:32.283 -> 454  456  507  506  499  446  357  509  
14:22:32.383 -> 497  452  508  508  498  445  357  510  
14:22:32.484 -> 419  499  508  506  498  445  356  508  
14:22:32.586 -> 471  478  507  507  499  446  356  509  
14:22:32.687 -> 394  544  508  509  499  446  357  510  
14:22:32.786 -> 448  507  505  507  499  445  357  510  
14:22:32.887 -> 381  585  509  505  497  445  358  508  
14:22:32.987 -> 422  539  507  508  499  445  356  511  
14:22:33.090 -> 377  619  508  505  499  446  356  510  
14:22:33.191 -> 404  579  509  507  498  446  357  510  
14:22:33.292 -> 367  647  508  506  499  448  356  510  
14:22:33.393 -> 397  609  508  506  499  445  356  510  
14:22:33.496 -> 382  637  507  508  501  445  361  508  
14:22:33.597 -> 405  614  507  508  498  445  355  510  
14:22:33.699 -> 396  620  507  505  499  446  355  509  
14:22:33.833 -> 405  610  506  507  499  446  356  510  
14:22:33.935 -> 418  602  506  507  499  445  356  509  
14:22:34.002 -> 414  604  507  507  495  445  345  510  
14:22:34.139 -> 441  575  508  508  499  446  355  510  
14:22:34.208 -> 433  584  507  504  499  443  355  511  
14:22:34.342 -> 470  550  508  506  499  446  355  509  
14:22:34.443 -> 457  560  508  507  499  445  356  509  
14:22:34.543 -> 498  517  506  506  499  445  356  510  
14:22:34.647 -> 491  526  506  508  499  445  355  508  
14:22:34.748 -> 535  485  506  507  500  445  355  509  
14:22:34.850 -> 529  489  506  507  499  445  355  509  
14:22:34.952 -> 564  452  508  507  499  445  355  509  
14:22:35.054 -> 560  458  508  506  499  445  354  509  
14:22:35.155 -> 573  443  508  508  503  445  365  509  
14:22:35.254 -> 585  432  506  507  498  445  355  509  
14:22:35.356 -> 588  429  507  508  499  446  354  510  
14:22:35.459 -> 608  410  508  505  499  444  354  509  
14:22:35.560 -> 598  421  509  506  501  445  354  509  
14:22:35.661 -> 621  395  508  507  499  445  350  509  
14:22:35.763 -> 598  418  508  505  499  447  354  508  
14:22:35.865 -> 626  390  508  507  499  452  354  510  
14:22:35.966 -> 591  421  507  508  500  445  353  509  
14:22:36.067 -> 618  392  507  507  500  445  354  509  
14:22:36.168 -> 588  429  508  506  498  447  353  510  
14:22:36.269 -> 590  387  508  507  499  445  353  510  
14:22:36.371 -> 577  416  509  507  499  445  361  508  
14:22:36.473 -> 552  384  507  506  499  445  353  510  
14:22:36.575 -> 554  427  508  506  499  446  353  510  
14:22:36.675 -> 509  410  507  508  499  445  353  510  
14:22:36.776 -> 526  437  509  506  505  445  355  509  
14:22:36.878 -> 472  435  509  505  499  445  354  509  
14:22:36.978 -> 506  449  507  506  499  445  353  511  
14:22:37.079 -> 436  478  506  505  499  444  353  509  
14:22:37.180 -> 480  468  508  506  499  445  353  510  
14:22:37.281 -> 402  527  507  505  498  445  352  509  
14:22:37.382 -> 452  497  510  507  499  445  353  510  
14:22:37.483 -> 387  567  508  508  499  445  353  510  
14:22:37.584 -> 436  521  508  506  500  445  354  510  
14:22:37.686 -> 377  603  508  507  500  445  353  509  
14:22:37.787 -> 410  559  505  506  499  446  353  510  
14:22:37.923 -> 374  636  508  507  499  426  352  510  
14:22:38.024 -> 398  597  507  506  499  445  352  509  
14:22:38.125 -> 373  646  506  507  499  444  352  510  
14:22:38.225 -> 402  613  507  508  499  445  352  510  
14:22:38.326 -> 394  624  507  507  499  444  352  510  
14:22:38.428 -> 405  614  506  505  499  445  353  510  
14:22:38.530 -> 407  610  508  506  499  445  350  509  
14:22:38.630 -> 409  607  506  506  499  445  352  510  
14:22:38.732 -> 433  587  507  505  498  445  352  510  
14:22:38.833 -> 424  597  506  506  499  445  344  510  
14:22:38.935 -> 458  559  508  505  499  444  353  509  
14:22:39.036 -> 444  570  507  506  499  445  352  510  
14:22:39.136 -> 485  533  510  506  498  445  352  511  
14:22:39.239 -> 475  544  508  506  498  444  353  510  
14:22:39.340 -> 517  499  508  507  497  444  345  510  
14:22:39.442 -> 509  509  507  508  498  445  351  510  
14:22:39.542 -> 546  471  506  507  498  444  352  509  
14:22:39.645 -> 547  472  507  507  499  444  351  509  
14:22:39.746 -> 566  453  507  506  499  444  351  509  
14:22:39.847 -> 576  441  507  506  498  444  351  510  
14:22:39.947 -> 577  438  507  506  499  444  351  510  
14:22:40.049 -> 595  418  510  506  499  444  349  509  
14:22:40.152 -> 589  428  507  505  500  450  352  511  
14:22:40.255 -> 618  401  508  508  498  444  351  508  
14:22:40.357 -> 594  428  507  506  499  444  353  509  
14:22:40.459 -> 623  390  506  506  498  444  351  510  
14:22:40.561 -> 595  422  505  508  500  448  352  509  
14:22:40.663 -> 627  392  507  506  498  442  351  511  
14:22:40.765 -> 590  426  509  504  501  444  355  510  
14:22:40.866 -> 607  388  508  506  501  444  352  509  
14:22:40.967 -> 587  426  507  508  499  449  350  509  
14:22:41.068 -> 576  381  508  505  498  444  350  509  
14:22:41.171 -> 568  419  508  507  498  444  363  509  
14:22:41.274 -> 532  394  508  506  498  444  350  509  
14:22:41.374 -> 540  434  508  504  498  449  350  510  
14:22:41.476 -> 489  426  508  506  498  444  350  508  
14:22:41.577 -> 513  442  507  506  498  444  350  509  
14:22:41.677 -> 451  455  508  506  499  444  350  510  
14:22:41.778 -> 491  461  506  506  498  444  350  509  
14:22:41.879 -> 418  504  506  505  498  443  350  512  
14:22:41.979 -> 469  483  507  506  498  445  351  509  
14:22:42.081 -> 397  545  508  506  495  444  348  509  
14:22:42.182 -> 442  513  508  506  498  444  349  509  
14:22:42.285 -> 381  585  508  509  499  445  349  514  
14:22:42.386 -> 426  544  507  505  498  445  349  509  
14:22:42.520 -> 380  619  506  508  498  444  349  509  
14:22:42.621 -> 398  580  506  506  498  457  349  510  
14:22:42.722 -> 370  644  507  506  498  444  349  510  
14:22:42.823 -> 402  614  507  507  498  444  349  509  
14:22:42.925 -> 384  637  508  507  499  445  348  509  
14:22:43.026 -> 402  612  506  508  498  446  349  510  
14:22:43.128 -> 399  621  507  506  498  444  349  511  
14:22:43.229 -> 409  612  508  506  499  444  348  508  
14:22:43.329 -> 416  600  508  506  498  444  348  508  
14:22:43.434 -> 415  600  506  507  498  444  348  509  
14:22:43.535 -> 443  577  507  507  498  445  348  509  
14:22:43.635 -> 435  585  508  506  499  444  348  509  
14:22:43.736 -> 470  550  507  506  496  444  349  509  
14:22:43.837 -> 461  556  507  507  498  444  348  505  
14:22:43.939 -> 502  517  506  507  498  440  347  509  
14:22:44.040 -> 492  524  508  506  500  444  349  510  
14:22:44.142 -> 536  483  506  507  498  444  336  510  
14:22:44.245 -> 530  488  508  507  498  444  347  509  
14:22:44.346 -> 561  457  507  507  498  444  347  508  
14:22:44.447 -> 560  457  507  507  498  444  347  509  
14:22:44.548 -> 572  444  506  509  498  444  346  509  
14:22:44.649 -> 588  429  508  506  498  443  347  509  
14:22:44.749 -> 585  432  507  508  498  443  347  508  
14:22:44.852 -> 607  406  498  505  494  443  347  509  
14:22:44.954 -> 593  423  509  508  498  444  346  509  
14:22:45.057 -> 625  395  507  507  498  443  347  510  
14:22:45.159 -> 593  421  508  507  498  444  346  510  
14:22:45.259 -> 626  388  507  507  500  444  350  510  
14:22:45.360 -> 593  424  508  506  498  443  346  509  
14:22:45.463 -> 621  390  507  507  498  444  347  508  
14:22:45.563 -> 587  428  508  507  498  443  346  509  
14:22:45.664 -> 591  381  508  507  498  444  347  510  
14:22:45.765 -> 584  419  508  507  497  444  343  509  
14:22:45.866 -> 554  386  507  505  498  444  346  509  
14:22:45.968 -> 558  425  508  506  498  441  346  503  
14:22:46.069 -> 508  409  508  506  498  443  346  510  
14:22:46.171 -> 530  435  508  506  497  443  345  509  
14:22:46.274 -> 468  443  509  506  498  444  346  509  
14:22:46.376 -> 506  444  507  507  498  443  346  509  
14:22:46.478 -> 434  479  507  505  498  443  346  510  
14:22:46.579 -> 480  467  507  506  498  443  346  508  
14:22:46.679 -> 400  530  508  507  497  444  345  509  
14:22:46.782 -> 453  497  507  506  498  444  345  509  
14:22:46.916 -> 385  568  508  508  498  443  345  508  
14:22:47.016 -> 434  524  506  506  498  444  348  511  
14:22:47.118 -> 380  605  505  506  499  443  346  510  
14:22:47.220 -> 408  562  507  507  498  445  345  509  
14:22:47.323 -> 370  639  508  507  498  443  345  509  
14:22:47.425 -> 401  602  507  506  498  443  345  509  
14:22:47.528 -> 374  645  509  507  498  443  344  510  
14:22:47.629 -> 398  614  509  508  498  443  344  509  
14:22:47.730 -> 392  627  508  506  498  438  344  509  
14:22:47.831 -> 405  614  507  507  498  443  344  510  
14:22:47.933 -> 407  609  507  507  498  443  347  509  
14:22:48.033 -> 408  606  509  508  498  446  344  509  
14:22:48.135 -> 429  589  507  506  498  442  344  509  
14:22:48.236 -> 424  593  508  507  498  443  344  510  
14:22:48.337 -> 459  561  506  505  498  443  343  509  
14:22:48.439 -> 449  568  508  506  498  463  344  510  
14:22:48.541 -> 486  531  507  506  498  444  343  509  
14:22:48.641 -> 478  540  505  507  499  443  343  508  
14:22:48.743 -> 520  499  508  506  495  443  346  510  
14:22:48.844 -> 513  505  509  506  498  443  343  510  
14:22:48.944 -> 550  467  506  505  498  432  343  511  
14:22:49.047 -> 549  469  506  506  498  443  342  508  
14:22:49.147 -> 571  445  509  506  498  443  317  510  
14:22:49.248 -> 579  441  509  507  498  443  343  509  
14:22:49.348 -> 583  433  508  506  498  445  342  510  
14:22:49.448 -> 598  418  508  507  497  443  342  511  
14:22:49.549 -> 595  423  507  507  498  443  342  509  
14:22:49.651 -> 617  402  508  502  498  443  342  509  
14:22:49.751 -> 599  419  506  505  498  443  342  510  
14:22:49.854 -> 622  389  504  505  493  443  341  509  
14:22:49.955 -> 595  422  509  507  498  443  343  510  
14:22:50.058 -> 626  394  507  508  498  464  342  509  
14:22:50.160 -> 590  426  508  505  498  443  342  508  
14:22:50.263 -> 603  387  507  507  498  443  358  509  
14:22:50.364 -> 583  425  507  506  499  443  344  509  
14:22:50.465 -> 572  380  507  507  498  443  341  506  
14:22:50.566 -> 565  421  508  506  498  443  341  510  
14:22:50.667 -> 526  395  507  507  498  443  341  509  
14:22:50.802 -> 528  435  509  506  497  443  340  509  
14:22:50.904 -> 487  428  510  508  498  453  341  507  
14:22:51.006 -> 512  443  507  509  498  432  340  510  
14:22:51.106 -> 450  459  502  506  496  443  339  510  
14:22:51.210 -> 493  456  509  508  499  443  325  510  
14:22:51.312 -> 410  509  508  507  498  443  340  509  
14:22:51.414 -> 466  484  507  506  496  422  357  508  
14:22:51.483 -> 392  550  508  508  480  455  338  510  
14:22:51.619 -> 442  512  507  507  498  442  340  509  
14:22:51.720 -> 384  578  508  511  498  440  357  509  
14:22:51.820 -> 423  543  505  507  496  443  333  509  
14:22:51.920 -> 376  623  509  506  497  443  340  508  
14:22:52.022 -> 399  582  508  509  498  442  339  510  
14:22:52.124 -> 372  646  505  507  498  443  340  509  
14:22:52.225 -> 400  612  509  507  498  443  339  509  
14:22:52.325 -> 380  634  509  506  498  443  339  509  
14:22:52.427 -> 405  614  509  509  498  443  339  508  
14:22:52.527 -> 401  618  506  507  503  443  351  509  
14:22:52.629 -> 408  612  507  506  492  443  344  510  
14:22:52.730 -> 421  596  507  508  499  443  339  509  
14:22:52.832 -> 414  602  506  505  498  447  339  510  
14:22:52.932 -> 448  573  508  506  498  443  338  510  
14:22:53.032 -> 436  583  508  507  498  443  338  510  
14:22:53.134 -> 474  544  507  507  498  442  338  510  
14:22:53.237 -> 463  553  506  507  498  442  338  509  
14:22:53.339 -> 505  516  506  507  498  443  338  510  
14:22:53.441 -> 497  522  508  504  498  443  328  509  
14:22:53.542 -> 536  481  506  506  498  443  338  509  
14:22:53.643 -> 533  487  507  505  498  442  338  510  
14:22:53.746 -> 562  456  507  505  498  443  338  509  
14:22:53.846 -> 564  454  506  505  498  443  338  509  
14:22:53.945 -> 571  445  508  507  498  442  338  509  
14:22:54.047 -> 588  429  506  505  499  443  345  510  
14:22:54.147 -> 586  430  506  507  498  444  340  510  
14:22:54.247 -> 612  405  508  507  498  444  338  510  
14:22:54.348 -> 594  422  506  506  498  446  337  511  
14:22:54.449 -> 622  393  507  508  498  443  337  510  
14:22:54.551 -> 593  421  507  506  499  443  337  508  
14:22:54.686 -> 629  389  506  506  498  443  337  509  
14:22:54.787 -> 590  425  508  506  498  437  337  510  
14:22:54.888 -> 616  389  508  505  498  443  337  510  
14:22:54.989 -> 588  427  508  508  498  443  327  509  
14:22:55.090 -> 589  387  507  505  498  444  337  509  
14:22:55.190 -> 580  420  507  506  498  444  337  509  
14:22:55.291 -> 549  385  507  507  498  443  337  509  
14:22:55.394 -> 551  427  507  505  498  443  319  509  
14:22:55.494 -> 509  415  508  506  498  444  337  509  
14:22:55.594 -> 523  441  508  506  498  444  337  509  
14:22:55.696 -> 468  440  507  507  498  443  337  510  
14:22:55.798 -> 501  452  507  507  498  444  337  509  
14:22:55.899 -> 432  484  508  508  497  443  337  510  
14:22:56.000 -> 474  472  507  506  498  444  337  510  
14:22:56.102 -> 406  528  506  505  496  444  335  509  
14:22:56.202 -> 452  500  508  506  498  444  332  510  
14:22:56.302 -> 385  572  507  503  498  438  337  509  
14:22:56.404 -> 434  532  508  510  498  440  346  509  
14:22:56.507 -> 383  605  505  508  493  445  329  510  
14:22:56.609 -> 410  565  510  506  498  444  337  509  
14:22:56.711 -> 371  637  507  508  498  444  336  510  
14:22:56.813 -> 401  603  509  507  498  444  336  510  
14:22:56.915 -> 376  647  509  506  498  445  337  510  
14:22:57.015 -> 401  614  507  508  498  456  336  511  
14:22:57.116 -> 394  623  508  509  498  445  337  509  
14:22:57.217 -> 408  613  506  506  497  444  335  509  
14:22:57.319 -> 406  611  508  507  496  444  337  508  
14:22:57.420 -> 408  604  508  507  498  445  337  510  
14:22:57.522 -> 430  586  508  508  498  441  337  509  
14:22:57.624 -> 427  592  508  507  498  445  337  510  
14:22:57.724 -> 459  558  507  507  494  445  332  510  
14:22:57.825 -> 452  566  507  506  498  445  337  510  
14:22:57.927 -> 489  528  506  507  498  442  337  509  
14:22:58.028 -> 483  536  507  507  499  445  342  509  
14:22:58.163 -> 522  497  506  506  498  445  328  509  
14:22:58.264 -> 515  505  508  506  498  445  337  510  
14:22:58.365 -> 553  465  506  506  498  445  336  508  
14:22:58.465 -> 551  468  510  507  498  445  337  509  
14:22:58.566 -> 570  448  508  505  498  445  338  509  
14:22:58.667 -> 578  440  508  507  492  445  337  509  
14:22:58.767 -> 583  438  506  506  498  444  337  508  
14:22:58.868 -> 601  416  507  507  498  446  337  509  
14:22:58.970 -> 589  426  505  505  496  445  337  509  
14:22:59.074 -> 617  399  506  505  498  445  337  509  
14:22:59.175 -> 596  423  507  512  498  440  337  509  
14:22:59.276 -> 626  390  506  508  498  446  338  510  
14:22:59.376 -> 591  421  507  507  499  445  331  510  
14:22:59.478 -> 627  391  508  506  498  445  338  515  
14:22:59.578 -> 588  424  507  506  498  446  338  510  
14:22:59.679 -> 601  383  508  508  498  445  338  510  
14:22:59.782 -> 588  426  507  507  494  445  338  509  
14:22:59.882 -> 570  378  506  506  498  445  338  509  
14:22:59.983 -> 566  421  507  504  498  446  338  510  
14:23:00.083 -> 524  395  507  508  498  446  338  509  
14:23:00.184 -> 545  433  508  506  499  446  338  509  
14:23:00.286 -> 482  429  508  514  498  439  338  509  